bitcoin:
  adoption: 0.020000000000000004
  bond_yields: -0.14500000000000002
  currency_instability: -0.09643399999999999
  energy_prices: 0.06271666666666666
  equity_flows: 0.47656466666666664
  geopolitics: 0.020000000000000004
  inflation: 0.05199999999999999
  liquidity: -0.0984
  real_rates: 0.06599999999999993
  recession_probability: 0.06430066666666667
  regulation: 0.0246
  tail_risk_event: -0.0154
  usd_strength: -0.05786039999999999
gold:
  adoption: 0.0
  bond_yields: -0.2416666666666667
  currency_instability: -0.05786039999999999
  energy_prices: 0.18814999999999996
  equity_flows: 0.13616133333333333
  geopolitics: 0.12
  inflation: 0.25999999999999995
  liquidity: -0.0615
  real_rates: 0.3299999999999996
  recession_probability: 0.16075166666666668
  regulation: -0.0
  tail_risk_event: -0.10779999999999999
  usd_strength: -0.1542944
