bitcoin:
  adoption: 0.020000000000000004
  bond_yields: -0.0
  currency_instability: -0.0
  energy_prices: 0.016666666666666666
  equity_flows: 0.4520024444444444
  geopolitics: 0.0
  inflation: 0.05199999999999999
  liquidity: -0.06480000000000001
  real_rates: 0.356
  recession_probability: 0.06079177777777778
  regulation: 0.016200000000000003
  tail_risk_event: -0.012900000000000002
  usd_strength: -0.0
gold:
  adoption: 0.0
  bond_yields: -0.0
  currency_instability: -0.0
  energy_prices: 0.049999999999999996
  equity_flows: 0.12914355555555554
  geopolitics: 0.0
  inflation: 0.25999999999999995
  liquidity: -0.0405
  real_rates: 1.7799999999999998
  recession_probability: 0.15197944444444444
  regulation: -0.0
  tail_risk_event: -0.09029999999999999
  usd_strength: -0.0
