bitcoin:
  adoption: 0.020000000000000004
  bond_yields: -0.12599999999999997
  currency_instability: -0.09039749999999998
  energy_prices: 0.06786666666666667
  equity_flows: 0.40586622222222224
  geopolitics: 0.020000000000000004
  inflation: 0.019333333333333338
  liquidity: -0.0656
  real_rates: 0.00600000000000005
  recession_probability: 0.05469088888888889
  regulation: 0.0164
  tail_risk_event: -0.012900000000000002
  usd_strength: -0.05423849999999999
gold:
  adoption: 0.0
  bond_yields: -0.20999999999999996
  currency_instability: -0.05423849999999999
  energy_prices: 0.20359999999999998
  equity_flows: 0.11596177777777779
  geopolitics: 0.12
  inflation: 0.09666666666666668
  liquidity: -0.041
  real_rates: 0.03000000000000025
  recession_probability: 0.13672722222222222
  regulation: -0.0
  tail_risk_event: -0.09029999999999999
  usd_strength: -0.14463599999999996
