gold:
  inflation: 0.02
  real_rates: 0.024999999999999998
  bond_yields: 0.045
  energy_prices: 0.8
  usd_strength: 0.8614748449345279
  liquidity: 0.1
  equity_flows: -0.05
  regulation: 0.0
  adoption: 0.05
  currency_instability: 0.1
  recession_probability: 0.0
  tail_risk_event: 0.05
  geopolitics: 0.05
bitcoin:
  inflation: 0.02
  real_rates: 0.024999999999999998
  bond_yields: 0.045
  energy_prices: 0.8
  usd_strength: 0.8614748449345279
  liquidity: 0.1
  equity_flows: -0.05
  regulation: 0.0
  adoption: 0.05
  currency_instability: 0.1
  recession_probability: 0.0
  tail_risk_event: 0.05
  geopolitics: 0.05
