bitcoin:
  adoption: 0.020000000000000004
  bond_yields: -0.11699999999999998
  currency_instability: -0.10278550000000003
  energy_prices: -0.006549999999999999
  equity_flows: 0.37831888888888887
  geopolitics: -0.020000000000000004
  inflation: -0.019333333333333338
  liquidity: -0.1176
  real_rates: -0.092
  recession_probability: 0.05133555555555556
  regulation: 0.0294
  tail_risk_event: -0.016800000000000002
  usd_strength: -0.06167130000000001
gold:
  adoption: 0.0
  bond_yields: -0.19499999999999998
  currency_instability: -0.06167130000000001
  energy_prices: -0.019649999999999997
  equity_flows: 0.10809111111111112
  geopolitics: -0.12
  inflation: -0.09666666666666668
  liquidity: -0.0735
  real_rates: -0.45999999999999996
  recession_probability: 0.1283388888888889
  regulation: -0.0
  tail_risk_event: -0.1176
  usd_strength: -0.16445680000000007
