bitcoin:
  adoption: 0.020000000000000004
  bond_yields: -0.10099999999999998
  currency_instability: -0.10671
  energy_prices: 0.0035500000000000045
  equity_flows: 0.37191622222222226
  geopolitics: -0.020000000000000004
  inflation: 0.0013333333333333346
  liquidity: -0.0912
  real_rates: 0.0020000000000000464
  recession_probability: 0.0501108888888889
  regulation: 0.0228
  tail_risk_event: -0.0149
  usd_strength: -0.064026
gold:
  adoption: 0.0
  bond_yields: -0.1683333333333333
  currency_instability: -0.064026
  energy_prices: 0.010650000000000014
  equity_flows: 0.10626177777777779
  geopolitics: -0.12
  inflation: 0.006666666666666672
  liquidity: -0.057
  real_rates: 0.010000000000000231
  recession_probability: 0.12527722222222223
  regulation: -0.0
  tail_risk_event: -0.10429999999999999
  usd_strength: -0.170736
