bitcoin:
  adoption: 0.020000000000000004
  bond_yields: -0.11100000000000003
  currency_instability: -0.10891750000000001
  energy_prices: 0.002983333333333332
  equity_flows: 0.3628224444444445
  geopolitics: -0.020000000000000004
  inflation: 0.0013333333333333346
  liquidity: -0.0792
  real_rates: -0.01800000000000006
  recession_probability: 0.04881177777777779
  regulation: 0.0198
  tail_risk_event: -0.013900000000000003
  usd_strength: -0.0653505
gold:
  adoption: 0.0
  bond_yields: -0.18500000000000005
  currency_instability: -0.0653505
  energy_prices: 0.008949999999999996
  equity_flows: 0.10366355555555558
  geopolitics: -0.12
  inflation: 0.006666666666666672
  liquidity: -0.0495
  real_rates: -0.0900000000000003
  recession_probability: 0.12202944444444447
  regulation: -0.0
  tail_risk_event: -0.0973
  usd_strength: -0.17426800000000003
