bitcoin:
  adoption: 0.020000000000000004
  bond_yields: -0.11699999999999998
  currency_instability: -0.10885750000000001
  energy_prices: 0.002983333333333332
  equity_flows: 0.34538311111111103
  geopolitics: -0.020000000000000004
  inflation: 0.0013333333333333346
  liquidity: -0.0584
  real_rates: -0.029999999999999985
  recession_probability: 0.04632044444444444
  regulation: 0.0146
  tail_risk_event: -0.012400000000000001
  usd_strength: -0.0653145
gold:
  adoption: 0.0
  bond_yields: -0.19499999999999998
  currency_instability: -0.0653145
  energy_prices: 0.008949999999999996
  equity_flows: 0.09868088888888887
  geopolitics: -0.12
  inflation: 0.006666666666666672
  liquidity: -0.0365
  real_rates: -0.1499999999999999
  recession_probability: 0.11580111111111109
  regulation: -0.0
  tail_risk_event: -0.08679999999999999
  usd_strength: -0.17417200000000002
