bitcoin:
  adoption: 0.020000000000000004
  bond_yields: -0.15599999999999997
  currency_instability: -0.10252299999999998
  energy_prices: 0.01599999999999999
  equity_flows: 0.46905288888888885
  geopolitics: -0.0011
  inflation: 0.078
  liquidity: -0.084
  real_rates: 0.12200000000000007
  recession_probability: 0.06283755555555556
  regulation: 0.021
  tail_risk_event: -0.0143
  usd_strength: -0.06151379999999998
gold:
  adoption: 0.0
  bond_yields: -0.25999999999999995
  currency_instability: -0.06151379999999998
  energy_prices: 0.047999999999999966
  equity_flows: 0.1340151111111111
  geopolitics: -0.006599999999999999
  inflation: 0.38999999999999996
  liquidity: -0.0525
  real_rates: 0.6100000000000003
  recession_probability: 0.1570938888888889
  regulation: -0.0
  tail_risk_event: -0.10009999999999998
  usd_strength: -0.16403679999999998
