gold:
  inflation: 0.0
  real_rates: -0.9999999999999998
  bond_yields: -0.4999999999999997
  energy_prices: 0.0
  usd_strength: 1.0
  liquidity: -0.25191171121362943
  equity_flows: -0.036754301384958075
  regulation: 0.0
  adoption: 0.1
  currency_instability: 0.5
  recession_probability: 5.782411586589357e-17
  tail_risk_event: -0.18902544629439613
  geopolitics: 0.0
bitcoin:
  inflation: 0.0
  real_rates: -0.4999999999999999
  bond_yields: -0.1499999999999999
  energy_prices: -0.0
  usd_strength: 0.6
  liquidity: -0.587793992831802
  equity_flows: 0.061257168974930123
  regulation: 0.04000000000000001
  adoption: 0.8
  currency_instability: 0.5
  recession_probability: -2.3129646346357432e-17
  tail_risk_event: 0.03780508925887923
  geopolitics: 0.0
