bitcoin:
  adoption: 0.020000000000000004
  bond_yields: -0.10899999999999999
  currency_instability: -0.09120350000000002
  energy_prices: 0.016666666666666666
  equity_flows: 0.3634042222222222
  geopolitics: 0.0
  inflation: -0.03333333333333333
  liquidity: -0.0472
  real_rates: -0.11799999999999998
  recession_probability: 0.04941488888888889
  regulation: 0.0118
  tail_risk_event: -0.011500000000000002
  usd_strength: -0.05472210000000001
gold:
  adoption: 0.0
  bond_yields: -0.18166666666666664
  currency_instability: -0.05472210000000001
  energy_prices: 0.049999999999999996
  equity_flows: 0.10382977777777778
  geopolitics: 0.0
  inflation: -0.16666666666666666
  liquidity: -0.0295
  real_rates: -0.5899999999999999
  recession_probability: 0.12353722222222221
  regulation: -0.0
  tail_risk_event: -0.0805
  usd_strength: -0.14592560000000004
