bitcoin:
  adoption: 0.0
  bond_yields: -0.0
  currency_instability: -0.0
  energy_prices: 0.016666666666666666
  equity_flows: 0.0
  geopolitics: 0.0
  inflation: -0.040666666666666657
  liquidity: -0.0504
  real_rates: 0.07800000000000003
  recession_probability: 0.0
  regulation: 0.0126
  tail_risk_event: -0.0118
  usd_strength: -0.0
gold:
  adoption: 0.0
  bond_yields: -0.0
  currency_instability: -0.0
  energy_prices: 0.049999999999999996
  equity_flows: 0.0
  geopolitics: 0.0
  inflation: -0.20333333333333328
  liquidity: -0.0315
  real_rates: 0.3900000000000001
  recession_probability: 0.0
  regulation: -0.0
  tail_risk_event: -0.08259999999999999
  usd_strength: -0.0
