bitcoin:
  adoption: 0.020000000000000004
  bond_yields: -0.11799999999999997
  currency_instability: -0.09120350000000002
  energy_prices: 0.007550000000000003
  equity_flows: 0.37978422222222225
  geopolitics: -0.015600000000000001
  inflation: -0.02333333333333334
  liquidity: -0.07840000000000001
  real_rates: -0.10599999999999997
  recession_probability: 0.0516048888888889
  regulation: 0.019600000000000003
  tail_risk_event: -0.013900000000000003
  usd_strength: -0.05472210000000001
gold:
  adoption: 0.0
  bond_yields: -0.19666666666666663
  currency_instability: -0.05472210000000001
  energy_prices: 0.022650000000000007
  equity_flows: 0.1085097777777778
  geopolitics: -0.0936
  inflation: -0.1166666666666667
  liquidity: -0.049
  real_rates: -0.5299999999999998
  recession_probability: 0.12901222222222225
  regulation: -0.0
  tail_risk_event: -0.0973
  usd_strength: -0.14592560000000004
