bitcoin:
  adoption: 0.020000000000000004
  bond_yields: -0.16699999999999998
  currency_instability: -0.0964125
  energy_prices: 0.08708333333333335
  equity_flows: 0.4562397777777778
  geopolitics: 0.020000000000000004
  inflation: 0.05199999999999999
  liquidity: -0.08080000000000001
  real_rates: 0.021999999999999978
  recession_probability: 0.061397111111111125
  regulation: 0.020200000000000003
  tail_risk_event: -0.014000000000000002
  usd_strength: -0.057847499999999996
gold:
  adoption: 0.0
  bond_yields: -0.2783333333333333
  currency_instability: -0.057847499999999996
  energy_prices: 0.26125
  equity_flows: 0.13035422222222223
  geopolitics: 0.12
  inflation: 0.25999999999999995
  liquidity: -0.0505
  real_rates: 0.10999999999999988
  recession_probability: 0.1534927777777778
  regulation: -0.0
  tail_risk_event: -0.098
  usd_strength: -0.15426
