bitcoin:
  adoption: 0.020000000000000004
  bond_yields: -0.146
  currency_instability: -0.10197899999999997
  energy_prices: 0.04108333333333335
  equity_flows: 0.4667568888888889
  geopolitics: 0.020000000000000004
  inflation: 0.078
  liquidity: -0.08800000000000001
  real_rates: 0.142
  recession_probability: 0.06250955555555557
  regulation: 0.022000000000000002
  tail_risk_event: -0.0146
  usd_strength: -0.06118739999999998
gold:
  adoption: 0.0
  bond_yields: -0.24333333333333332
  currency_instability: -0.06118739999999998
  energy_prices: 0.12325000000000003
  equity_flows: 0.13335911111111112
  geopolitics: 0.12
  inflation: 0.38999999999999996
  liquidity: -0.055
  real_rates: 0.71
  recession_probability: 0.1562738888888889
  regulation: -0.0
  tail_risk_event: -0.10219999999999999
  usd_strength: -0.16316639999999996
