bitcoin:
  adoption: 0.0
  bond_yields: -0.11699999999999998
  currency_instability: -0.10292799999999999
  energy_prices: -0.0010166666666666657
  equity_flows: 0.0
  geopolitics: -0.020000000000000004
  inflation: -0.02333333333333334
  liquidity: -0.0976
  real_rates: -0.10400000000000001
  recession_probability: 0.0
  regulation: 0.0244
  tail_risk_event: -0.015300000000000001
  usd_strength: -0.061756799999999994
gold:
  adoption: 0.0
  bond_yields: -0.19499999999999998
  currency_instability: -0.061756799999999994
  energy_prices: -0.003049999999999997
  equity_flows: 0.0
  geopolitics: -0.12
  inflation: -0.1166666666666667
  liquidity: -0.061
  real_rates: -0.52
  recession_probability: 0.0
  regulation: -0.0
  tail_risk_event: -0.10709999999999999
  usd_strength: -0.1646848
