bitcoin:
  adoption: 0.020000000000000004
  bond_yields: -0.10499999999999997
  currency_instability: -0.0891115
  energy_prices: 0.0106
  equity_flows: 0.3603646666666667
  geopolitics: -0.0104
  inflation: -0.040666666666666657
  liquidity: -0.0152
  real_rates: -0.13199999999999995
  recession_probability: 0.04909066666666668
  regulation: 0.0038
  tail_risk_event: -0.0091
  usd_strength: -0.0534669
gold:
  adoption: 0.0
  bond_yields: -0.17499999999999996
  currency_instability: -0.0534669
  energy_prices: 0.031799999999999995
  equity_flows: 0.10296133333333335
  geopolitics: -0.0624
  inflation: -0.20333333333333328
  liquidity: -0.0095
  real_rates: -0.6599999999999997
  recession_probability: 0.12272666666666669
  regulation: -0.0
  tail_risk_event: -0.06369999999999999
  usd_strength: -0.1425784
