bitcoin:
  adoption: 0.020000000000000004
  bond_yields: -0.13799999999999998
  currency_instability: -0.10443300000000001
  energy_prices: 0.031566666666666666
  equity_flows: 0.4574002222222222
  geopolitics: 0.020000000000000004
  inflation: 0.078
  liquidity: -0.07840000000000001
  real_rates: 0.15800000000000003
  recession_probability: 0.0611728888888889
  regulation: 0.019600000000000003
  tail_risk_event: -0.013900000000000003
  usd_strength: -0.0626598
gold:
  adoption: 0.0
  bond_yields: -0.22999999999999998
  currency_instability: -0.0626598
  energy_prices: 0.09469999999999999
  equity_flows: 0.1306857777777778
  geopolitics: 0.12
  inflation: 0.38999999999999996
  liquidity: -0.049
  real_rates: 0.79
  recession_probability: 0.15293222222222225
  regulation: -0.0
  tail_risk_event: -0.0973
  usd_strength: -0.16709280000000004
