bitcoin:
  adoption: 0.0
  bond_yields: -0.112
  currency_instability: -0.10269150000000003
  energy_prices: -0.005050000000000002
  equity_flows: 0.0
  geopolitics: -0.020000000000000004
  inflation: -0.019333333333333338
  liquidity: -0.10800000000000001
  real_rates: -0.08200000000000003
  recession_probability: 0.0
  regulation: 0.027000000000000003
  tail_risk_event: -0.0161
  usd_strength: -0.061614900000000014
gold:
  adoption: 0.0
  bond_yields: -0.18666666666666668
  currency_instability: -0.061614900000000014
  energy_prices: -0.015150000000000004
  equity_flows: 0.0
  geopolitics: -0.12
  inflation: -0.09666666666666668
  liquidity: -0.0675
  real_rates: -0.41000000000000014
  recession_probability: 0.0
  regulation: -0.0
  tail_risk_event: -0.1127
  usd_strength: -0.16430640000000007
