bitcoin:
  adoption: 0.020000000000000004
  bond_yields: -0.0
  currency_instability: -0.0
  energy_prices: 0.016666666666666666
  equity_flows: 0.3379631111111111
  geopolitics: 0.0
  inflation: -0.03799999999999999
  liquidity: 0.024800000000000003
  real_rates: 0.08600000000000003
  recession_probability: 0.045850444444444444
  regulation: -0.006200000000000001
  tail_risk_event: -0.006200000000000001
  usd_strength: -0.0
gold:
  adoption: 0.0
  bond_yields: -0.0
  currency_instability: -0.0
  energy_prices: 0.049999999999999996
  equity_flows: 0.09656088888888889
  geopolitics: 0.0
  inflation: -0.18999999999999995
  liquidity: 0.0155
  real_rates: 0.43000000000000016
  recession_probability: 0.11462611111111111
  regulation: 0.0
  tail_risk_event: -0.043399999999999994
  usd_strength: -0.0
