bitcoin:
  adoption: 0.020000000000000004
  bond_yields: -0.11900000000000002
  currency_instability: -0.10292799999999999
  energy_prices: -0.0031666666666666644
  equity_flows: 0.3832484444444444
  geopolitics: -0.020000000000000004
  inflation: -0.02333333333333334
  liquidity: -0.10560000000000001
  real_rates: -0.1080000000000001
  recession_probability: 0.05209977777777778
  regulation: 0.026400000000000003
  tail_risk_event: -0.0159
  usd_strength: -0.061756799999999994
gold:
  adoption: 0.0
  bond_yields: -0.1983333333333334
  currency_instability: -0.061756799999999994
  energy_prices: -0.009499999999999993
  equity_flows: 0.10949955555555556
  geopolitics: -0.12
  inflation: -0.1166666666666667
  liquidity: -0.066
  real_rates: -0.5400000000000005
  recession_probability: 0.13024944444444445
  regulation: -0.0
  tail_risk_event: -0.1113
  usd_strength: -0.1646848
