bitcoin:
  adoption: 0.020000000000000004
  bond_yields: -0.142
  currency_instability: -0.1013785
  energy_prices: 0.048883333333333334
  equity_flows: 0.3075582222222222
  geopolitics: 0.020000000000000004
  inflation: -0.03799999999999999
  liquidity: 0.026400000000000003
  real_rates: -0.19799999999999995
  recession_probability: 0.04150688888888889
  regulation: -0.006600000000000001
  tail_risk_event: -0.006
  usd_strength: -0.060827099999999995
gold:
  adoption: 0.0
  bond_yields: -0.23666666666666666
  currency_instability: -0.060827099999999995
  energy_prices: 0.14664999999999997
  equity_flows: 0.08787377777777777
  geopolitics: 0.12
  inflation: -0.18999999999999995
  liquidity: 0.0165
  real_rates: -0.9899999999999998
  recession_probability: 0.10376722222222222
  regulation: 0.0
  tail_risk_event: -0.041999999999999996
  usd_strength: -0.1622056
