bitcoin:
  adoption: 0.020000000000000004
  bond_yields: -0.12599999999999997
  currency_instability: -0.08949800000000004
  energy_prices: 0.0007666666666666681
  equity_flows: 0.3852239999999999
  geopolitics: -0.020000000000000004
  inflation: -0.02333333333333334
  liquidity: -0.09200000000000001
  real_rates: -0.12199999999999998
  recession_probability: 0.052382
  regulation: 0.023000000000000003
  tail_risk_event: -0.0149
  usd_strength: -0.05369880000000002
gold:
  adoption: 0.0
  bond_yields: -0.20999999999999996
  currency_instability: -0.05369880000000002
  energy_prices: 0.0023000000000000043
  equity_flows: 0.110064
  geopolitics: -0.12
  inflation: -0.1166666666666667
  liquidity: -0.0575
  real_rates: -0.6099999999999999
  recession_probability: 0.130955
  regulation: -0.0
  tail_risk_event: -0.10429999999999999
  usd_strength: -0.14319680000000007
