bitcoin:
  adoption: 0.020000000000000004
  bond_yields: -0.0
  currency_instability: -0.0
  energy_prices: 0.016666666666666666
  equity_flows: 0.44903444444444435
  geopolitics: 0.0
  inflation: 0.05199999999999999
  liquidity: -0.054400000000000004
  real_rates: 0.356
  recession_probability: 0.06036777777777778
  regulation: 0.013600000000000001
  tail_risk_event: -0.0121
  usd_strength: -0.0
gold:
  adoption: 0.0
  bond_yields: -0.0
  currency_instability: -0.0
  energy_prices: 0.049999999999999996
  equity_flows: 0.12829555555555555
  geopolitics: 0.0
  inflation: 0.25999999999999995
  liquidity: -0.034
  real_rates: 1.7799999999999998
  recession_probability: 0.15091944444444444
  regulation: -0.0
  tail_risk_event: -0.0847
  usd_strength: -0.0
