bitcoin:
  adoption: 0.020000000000000004
  bond_yields: -0.10199999999999995
  currency_instability: -0.10560899999999997
  energy_prices: -0.0007999999999999948
  equity_flows: 0.3476868888888889
  geopolitics: -0.020000000000000004
  inflation: -0.0040000000000000036
  liquidity: -0.072
  real_rates: -0.015999999999999927
  recession_probability: 0.04672955555555556
  regulation: 0.018
  tail_risk_event: -0.013400000000000002
  usd_strength: -0.06336539999999997
gold:
  adoption: 0.0
  bond_yields: -0.16999999999999993
  currency_instability: -0.06336539999999997
  energy_prices: -0.002399999999999984
  equity_flows: 0.09933911111111111
  geopolitics: -0.12
  inflation: -0.020000000000000018
  liquidity: -0.045
  real_rates: -0.07999999999999963
  recession_probability: 0.1168238888888889
  regulation: -0.0
  tail_risk_event: -0.0938
  usd_strength: -0.16897439999999997
