bitcoin:
  adoption: 0.020000000000000004
  bond_yields: -0.129
  currency_instability: -0.08949800000000004
  energy_prices: 0.002666666666666669
  equity_flows: 0.35752888888888884
  geopolitics: -0.020000000000000004
  inflation: -0.03333333333333333
  liquidity: -0.0344
  real_rates: -0.15800000000000003
  recession_probability: 0.04857555555555555
  regulation: 0.0086
  tail_risk_event: -0.0106
  usd_strength: -0.05369880000000002
gold:
  adoption: 0.0
  bond_yields: -0.215
  currency_instability: -0.05369880000000002
  energy_prices: 0.008000000000000007
  equity_flows: 0.10215111111111111
  geopolitics: -0.12
  inflation: -0.16666666666666666
  liquidity: -0.0215
  real_rates: -0.79
  recession_probability: 0.12143888888888887
  regulation: -0.0
  tail_risk_event: -0.07419999999999999
  usd_strength: -0.14319680000000007
