bitcoin:
  adoption: 0.020000000000000004
  bond_yields: -0.11900000000000002
  currency_instability: -0.099938
  energy_prices: -0.003516666666666666
  equity_flows: 0.3736522222222223
  geopolitics: -0.020000000000000004
  inflation: -0.019333333333333338
  liquidity: -0.11200000000000002
  real_rates: -0.09600000000000009
  recession_probability: 0.0506688888888889
  regulation: 0.028000000000000004
  tail_risk_event: -0.0164
  usd_strength: -0.0599628
gold:
  adoption: 0.0
  bond_yields: -0.1983333333333334
  currency_instability: -0.0599628
  energy_prices: -0.010549999999999997
  equity_flows: 0.1067577777777778
  geopolitics: -0.12
  inflation: -0.09666666666666668
  liquidity: -0.07
  real_rates: -0.4800000000000004
  recession_probability: 0.12667222222222224
  regulation: -0.0
  tail_risk_event: -0.1148
  usd_strength: -0.1599008
