bitcoin:
  adoption: 0.020000000000000004
  bond_yields: -0.12599999999999997
  currency_instability: -0.10223900000000001
  energy_prices: 0.0004999999999999952
  equity_flows: 0.3757615555555555
  geopolitics: -0.020000000000000004
  inflation: -0.03333333333333333
  liquidity: -0.0952
  real_rates: -0.15199999999999997
  recession_probability: 0.05118022222222222
  regulation: 0.0238
  tail_risk_event: -0.0151
  usd_strength: -0.061343400000000006
gold:
  adoption: 0.0
  bond_yields: -0.20999999999999996
  currency_instability: -0.061343400000000006
  energy_prices: 0.0014999999999999857
  equity_flows: 0.10736044444444444
  geopolitics: -0.12
  inflation: -0.16666666666666666
  liquidity: -0.0595
  real_rates: -0.7599999999999998
  recession_probability: 0.12795055555555554
  regulation: -0.0
  tail_risk_event: -0.10569999999999999
  usd_strength: -0.16358240000000002
