bitcoin:
  adoption: 0.0
  bond_yields: -0.14800000000000002
  currency_instability: -0.09643399999999999
  energy_prices: 0.06271666666666666
  equity_flows: 0.0
  geopolitics: 0.020000000000000004
  inflation: 0.05199999999999999
  liquidity: -0.09280000000000001
  real_rates: 0.05999999999999988
  recession_probability: 0.0
  regulation: 0.023200000000000002
  tail_risk_event: -0.015
  usd_strength: -0.05786039999999999
gold:
  adoption: 0.0
  bond_yields: -0.24666666666666673
  currency_instability: -0.05786039999999999
  energy_prices: 0.18814999999999996
  equity_flows: 0.0
  geopolitics: 0.12
  inflation: 0.25999999999999995
  liquidity: -0.058
  real_rates: 0.2999999999999994
  recession_probability: 0.0
  regulation: -0.0
  tail_risk_event: -0.105
  usd_strength: -0.1542944
