bitcoin:
  adoption: 0.020000000000000004
  bond_yields: -0.10599999999999997
  currency_instability: -0.111175
  energy_prices: 0.0010999999999999944
  equity_flows: 0.34301866666666664
  geopolitics: -0.020000000000000004
  inflation: -0.03333333333333333
  liquidity: -0.048
  real_rates: -0.11199999999999993
  recession_probability: 0.046502666666666664
  regulation: 0.012
  tail_risk_event: -0.011600000000000001
  usd_strength: -0.066705
gold:
  adoption: 0.0
  bond_yields: -0.1766666666666666
  currency_instability: -0.066705
  energy_prices: 0.003299999999999983
  equity_flows: 0.09800533333333333
  geopolitics: -0.12
  inflation: -0.16666666666666666
  liquidity: -0.03
  real_rates: -0.5599999999999996
  recession_probability: 0.11625666666666666
  regulation: -0.0
  tail_risk_event: -0.0812
  usd_strength: -0.17788
