bitcoin:
  adoption: 0.020000000000000004
  bond_yields: -0.10599999999999997
  currency_instability: -0.10245249999999999
  energy_prices: 0.006099999999999994
  equity_flows: 0.3316382222222222
  geopolitics: -0.0181
  inflation: -0.0040000000000000036
  liquidity: -0.09920000000000001
  real_rates: -0.023999999999999935
  recession_probability: 0.044436888888888894
  regulation: 0.024800000000000003
  tail_risk_event: -0.0154
  usd_strength: -0.06147149999999999
gold:
  adoption: 0.0
  bond_yields: -0.1766666666666666
  currency_instability: -0.06147149999999999
  energy_prices: 0.018299999999999983
  equity_flows: 0.09475377777777778
  geopolitics: -0.10859999999999999
  inflation: -0.020000000000000018
  liquidity: -0.062
  real_rates: -0.11999999999999966
  recession_probability: 0.11109222222222223
  regulation: -0.0
  tail_risk_event: -0.10779999999999999
  usd_strength: -0.163924
