bitcoin:
  adoption: 0.020000000000000004
  bond_yields: -0.0
  currency_instability: -0.1004155
  energy_prices: 0.016666666666666666
  equity_flows: 0.45600488888888885
  geopolitics: 0.0
  inflation: 0.078
  liquidity: -0.07840000000000001
  real_rates: 0.434
  recession_probability: 0.06097355555555556
  regulation: 0.019600000000000003
  tail_risk_event: -0.013900000000000003
  usd_strength: -0.0602493
gold:
  adoption: 0.0
  bond_yields: -0.0
  currency_instability: -0.0602493
  energy_prices: 0.049999999999999996
  equity_flows: 0.1302871111111111
  geopolitics: 0.0
  inflation: 0.38999999999999996
  liquidity: -0.049
  real_rates: 2.17
  recession_probability: 0.1524338888888889
  regulation: -0.0
  tail_risk_event: -0.0973
  usd_strength: -0.16066480000000002
