bitcoin:
  adoption: 0.020000000000000004
  bond_yields: -0.116
  currency_instability: -0.10430750000000004
  energy_prices: 0.004983333333333337
  equity_flows: 0.3439644444444444
  geopolitics: -0.020000000000000004
  inflation: -0.0040000000000000036
  liquidity: -0.09280000000000001
  real_rates: -0.04400000000000004
  recession_probability: 0.04619777777777778
  regulation: 0.023200000000000002
  tail_risk_event: -0.015
  usd_strength: -0.06258450000000002
gold:
  adoption: 0.0
  bond_yields: -0.19333333333333336
  currency_instability: -0.06258450000000002
  energy_prices: 0.01495000000000001
  equity_flows: 0.09827555555555556
  geopolitics: -0.12
  inflation: -0.020000000000000018
  liquidity: -0.058
  real_rates: -0.2200000000000002
  recession_probability: 0.11549444444444444
  regulation: -0.0
  tail_risk_event: -0.105
  usd_strength: -0.16689200000000007
