bitcoin:
  adoption: 0.020000000000000004
  bond_yields: -0.10499999999999997
  currency_instability: -0.10245249999999999
  energy_prices: 0.006099999999999994
  equity_flows: 0.32771822222222224
  geopolitics: -0.0181
  inflation: -0.0040000000000000036
  liquidity: -0.09200000000000001
  real_rates: -0.021999999999999978
  recession_probability: 0.043876888888888896
  regulation: 0.023000000000000003
  tail_risk_event: -0.0149
  usd_strength: -0.06147149999999999
gold:
  adoption: 0.0
  bond_yields: -0.17499999999999996
  currency_instability: -0.06147149999999999
  energy_prices: 0.018299999999999983
  equity_flows: 0.09363377777777779
  geopolitics: -0.10859999999999999
  inflation: -0.020000000000000018
  liquidity: -0.0575
  real_rates: -0.10999999999999988
  recession_probability: 0.10969222222222223
  regulation: -0.0
  tail_risk_event: -0.10429999999999999
  usd_strength: -0.163924
