bitcoin:
  adoption: 0.020000000000000004
  bond_yields: -0.112
  currency_instability: -0.10108299999999999
  energy_prices: 0.004983333333333337
  equity_flows: 0.33257311111111115
  geopolitics: -0.020000000000000004
  inflation: -0.0040000000000000036
  liquidity: -0.0944
  real_rates: -0.03600000000000003
  recession_probability: 0.044570444444444454
  regulation: 0.0236
  tail_risk_event: -0.0151
  usd_strength: -0.06064979999999999
gold:
  adoption: 0.0
  bond_yields: -0.18666666666666668
  currency_instability: -0.06064979999999999
  energy_prices: 0.01495000000000001
  equity_flows: 0.0950208888888889
  geopolitics: -0.12
  inflation: -0.020000000000000018
  liquidity: -0.059
  real_rates: -0.18000000000000016
  recession_probability: 0.11142611111111113
  regulation: -0.0
  tail_risk_event: -0.10569999999999999
  usd_strength: -0.1617328
