bitcoin:
  adoption: 0.020000000000000004
  bond_yields: -0.11299999999999999
  currency_instability: -0.10891750000000001
  energy_prices: 0.0015666666666666628
  equity_flows: 0.36569866666666667
  geopolitics: -0.020000000000000004
  inflation: 0.0013333333333333346
  liquidity: -0.08000000000000002
  real_rates: -0.021999999999999978
  recession_probability: 0.04922266666666667
  regulation: 0.020000000000000004
  tail_risk_event: -0.014000000000000002
  usd_strength: -0.0653505
gold:
  adoption: 0.0
  bond_yields: -0.18833333333333332
  currency_instability: -0.0653505
  energy_prices: 0.004699999999999988
  equity_flows: 0.10448533333333335
  geopolitics: -0.12
  inflation: 0.006666666666666672
  liquidity: -0.05
  real_rates: -0.10999999999999988
  recession_probability: 0.12305666666666668
  regulation: -0.0
  tail_risk_event: -0.098
  usd_strength: -0.17426800000000003
