bitcoin:
  adoption: 0.020000000000000004
  bond_yields: -0.15899999999999997
  currency_instability: -0.0964125
  energy_prices: 0.06926666666666667
  equity_flows: 0.4524333333333333
  geopolitics: 0.020000000000000004
  inflation: 0.05199999999999999
  liquidity: -0.07680000000000001
  real_rates: 0.03799999999999999
  recession_probability: 0.06085333333333334
  regulation: 0.019200000000000002
  tail_risk_event: -0.013700000000000002
  usd_strength: -0.057847499999999996
gold:
  adoption: 0.0
  bond_yields: -0.26499999999999996
  currency_instability: -0.057847499999999996
  energy_prices: 0.20779999999999998
  equity_flows: 0.12926666666666667
  geopolitics: 0.12
  inflation: 0.25999999999999995
  liquidity: -0.048
  real_rates: 0.18999999999999995
  recession_probability: 0.15213333333333334
  regulation: -0.0
  tail_risk_event: -0.0959
  usd_strength: -0.15426
