bitcoin:
  adoption: 0.020000000000000004
  bond_yields: -0.14800000000000002
  currency_instability: -0.0975365
  energy_prices: 0.05833333333333334
  equity_flows: 0.4751117777777777
  geopolitics: 0.020000000000000004
  inflation: 0.078
  liquidity: -0.09360000000000002
  real_rates: 0.1379999999999999
  recession_probability: 0.06370311111111111
  regulation: 0.023400000000000004
  tail_risk_event: -0.015
  usd_strength: -0.058521899999999995
gold:
  adoption: 0.0
  bond_yields: -0.24666666666666673
  currency_instability: -0.058521899999999995
  energy_prices: 0.17500000000000002
  equity_flows: 0.1357462222222222
  geopolitics: 0.12
  inflation: 0.38999999999999996
  liquidity: -0.0585
  real_rates: 0.6899999999999995
  recession_probability: 0.15925777777777778
  regulation: -0.0
  tail_risk_event: -0.105
  usd_strength: -0.1560584
