bitcoin:
  adoption: 0.020000000000000004
  bond_yields: -0.16699999999999998
  currency_instability: -0.10265749999999997
  energy_prices: 0.04063333333333333
  equity_flows: 0.4524022222222222
  geopolitics: 0.020000000000000004
  inflation: 0.030666666666666665
  liquidity: -0.06720000000000001
  real_rates: -0.041999999999999996
  recession_probability: 0.0611688888888889
  regulation: 0.016800000000000002
  tail_risk_event: -0.013000000000000001
  usd_strength: -0.06159449999999998
gold:
  adoption: 0.0
  bond_yields: -0.2783333333333333
  currency_instability: -0.06159449999999998
  energy_prices: 0.12189999999999998
  equity_flows: 0.12925777777777778
  geopolitics: 0.12
  inflation: 0.15333333333333332
  liquidity: -0.042
  real_rates: -0.20999999999999996
  recession_probability: 0.15292222222222224
  regulation: -0.0
  tail_risk_event: -0.091
  usd_strength: -0.16425199999999995
