bitcoin:
  adoption: 0.020000000000000004
  bond_yields: -0.12599999999999997
  currency_instability: -0.10223900000000001
  energy_prices: 0.0004999999999999952
  equity_flows: 0.3757615555555555
  geopolitics: -0.020000000000000004
  inflation: -0.02333333333333334
  liquidity: -0.1
  real_rates: -0.12199999999999998
  recession_probability: 0.05103022222222223
  regulation: 0.025
  tail_risk_event: -0.0155
  usd_strength: -0.061343400000000006
gold:
  adoption: 0.0
  bond_yields: -0.20999999999999996
  currency_instability: -0.061343400000000006
  energy_prices: 0.0014999999999999857
  equity_flows: 0.10736044444444444
  geopolitics: -0.12
  inflation: -0.1166666666666667
  liquidity: -0.0625
  real_rates: -0.6099999999999999
  recession_probability: 0.12757555555555555
  regulation: -0.0
  tail_risk_event: -0.1085
  usd_strength: -0.16358240000000002
