bitcoin:
  adoption: 0.020000000000000004
  bond_yields: -0.112
  currency_instability: -0.09926450000000003
  energy_prices: -0.003516666666666666
  equity_flows: 0.3727484444444444
  geopolitics: -0.020000000000000004
  inflation: -0.019333333333333338
  liquidity: -0.11359999999999999
  real_rates: -0.08200000000000003
  recession_probability: 0.050539777777777774
  regulation: 0.028399999999999998
  tail_risk_event: -0.0165
  usd_strength: -0.05955870000000002
gold:
  adoption: 0.0
  bond_yields: -0.18666666666666668
  currency_instability: -0.05955870000000002
  energy_prices: -0.010549999999999997
  equity_flows: 0.10649955555555556
  geopolitics: -0.12
  inflation: -0.09666666666666668
  liquidity: -0.071
  real_rates: -0.41000000000000014
  recession_probability: 0.12634944444444443
  regulation: -0.0
  tail_risk_event: -0.11549999999999999
  usd_strength: -0.15882320000000005
