bitcoin:
  adoption: 0.020000000000000004
  bond_yields: -0.10199999999999995
  currency_instability: -0.10671
  energy_prices: -0.002766666666666661
  equity_flows: 0.3564851111111111
  geopolitics: -0.020000000000000004
  inflation: 0.0013333333333333346
  liquidity: -0.0984
  real_rates: 8.881784197001253e-17
  recession_probability: 0.047906444444444446
  regulation: 0.0246
  tail_risk_event: -0.0154
  usd_strength: -0.064026
gold:
  adoption: 0.0
  bond_yields: -0.16999999999999993
  currency_instability: -0.064026
  energy_prices: -0.008299999999999983
  equity_flows: 0.10185288888888888
  geopolitics: -0.12
  inflation: 0.006666666666666672
  liquidity: -0.0615
  real_rates: 4.440892098500626e-16
  recession_probability: 0.1197661111111111
  regulation: -0.0
  tail_risk_event: -0.10779999999999999
  usd_strength: -0.170736
