bitcoin:
  adoption: 0.020000000000000004
  bond_yields: -0.12699999999999995
  currency_instability: -0.097455
  energy_prices: 0.05775000000000002
  equity_flows: 0.3379631111111111
  geopolitics: 0.020000000000000004
  inflation: -0.03799999999999999
  liquidity: 0.024800000000000003
  real_rates: -0.1679999999999999
  recession_probability: 0.045850444444444444
  regulation: -0.006200000000000001
  tail_risk_event: -0.006200000000000001
  usd_strength: -0.058473
gold:
  adoption: 0.0
  bond_yields: -0.2116666666666666
  currency_instability: -0.058473
  energy_prices: 0.17325000000000004
  equity_flows: 0.09656088888888889
  geopolitics: 0.12
  inflation: -0.18999999999999995
  liquidity: 0.0155
  real_rates: -0.8399999999999994
  recession_probability: 0.11462611111111111
  regulation: 0.0
  tail_risk_event: -0.043399999999999994
  usd_strength: -0.155928
