bitcoin:
  adoption: 0.020000000000000004
  bond_yields: -0.11399999999999996
  currency_instability: -0.10530749999999997
  energy_prices: -0.0008833333333333354
  equity_flows: 0.3687288888888888
  geopolitics: -0.020000000000000004
  inflation: 0.0013333333333333346
  liquidity: -0.1024
  real_rates: -0.023999999999999935
  recession_probability: 0.04965555555555554
  regulation: 0.0256
  tail_risk_event: -0.015700000000000002
  usd_strength: -0.06318449999999998
gold:
  adoption: 0.0
  bond_yields: -0.18999999999999995
  currency_instability: -0.06318449999999998
  energy_prices: -0.0026500000000000056
  equity_flows: 0.10535111111111109
  geopolitics: -0.12
  inflation: 0.006666666666666672
  liquidity: -0.064
  real_rates: -0.11999999999999966
  recession_probability: 0.12413888888888885
  regulation: -0.0
  tail_risk_event: -0.1099
  usd_strength: -0.16849199999999998
