bitcoin:
  adoption: 0.020000000000000004
  bond_yields: -0.11699999999999998
  currency_instability: -0.10530749999999997
  energy_prices: -0.0008833333333333354
  equity_flows: 0.3650126666666667
  geopolitics: -0.020000000000000004
  inflation: 0.0013333333333333346
  liquidity: -0.0888
  real_rates: -0.029999999999999985
  recession_probability: 0.04912466666666668
  regulation: 0.0222
  tail_risk_event: -0.0147
  usd_strength: -0.06318449999999998
gold:
  adoption: 0.0
  bond_yields: -0.19499999999999998
  currency_instability: -0.06318449999999998
  energy_prices: -0.0026500000000000056
  equity_flows: 0.10428933333333334
  geopolitics: -0.12
  inflation: 0.006666666666666672
  liquidity: -0.0555
  real_rates: -0.1499999999999999
  recession_probability: 0.12281166666666668
  regulation: -0.0
  tail_risk_event: -0.10289999999999999
  usd_strength: -0.16849199999999998
