bitcoin:
  adoption: 0.020000000000000004
  bond_yields: -0.129
  currency_instability: -0.10328249999999997
  energy_prices: 0.09001666666666669
  equity_flows: 0.36161377777777776
  geopolitics: 0.020000000000000004
  inflation: -0.03799999999999999
  liquidity: -0.0584
  real_rates: -0.172
  recession_probability: 0.04922911111111111
  regulation: 0.0146
  tail_risk_event: -0.012400000000000001
  usd_strength: -0.06196949999999998
gold:
  adoption: 0.0
  bond_yields: -0.215
  currency_instability: -0.06196949999999998
  energy_prices: 0.27005
  equity_flows: 0.10331822222222223
  geopolitics: 0.12
  inflation: -0.18999999999999995
  liquidity: -0.0365
  real_rates: -0.8599999999999999
  recession_probability: 0.12307277777777778
  regulation: -0.0
  tail_risk_event: -0.08679999999999999
  usd_strength: -0.16525199999999995
