bitcoin:
  adoption: 0.020000000000000004
  bond_yields: -0.11100000000000003
  currency_instability: -0.10891750000000001
  energy_prices: 0.002983333333333332
  equity_flows: 0.34670222222222224
  geopolitics: -0.020000000000000004
  inflation: 0.0013333333333333346
  liquidity: -0.0632
  real_rates: -0.01800000000000006
  recession_probability: 0.0465088888888889
  regulation: 0.0158
  tail_risk_event: -0.012700000000000001
  usd_strength: -0.0653505
gold:
  adoption: 0.0
  bond_yields: -0.18500000000000005
  currency_instability: -0.0653505
  energy_prices: 0.008949999999999996
  equity_flows: 0.0990577777777778
  geopolitics: -0.12
  inflation: 0.006666666666666672
  liquidity: -0.0395
  real_rates: -0.0900000000000003
  recession_probability: 0.11627222222222224
  regulation: -0.0
  tail_risk_event: -0.08889999999999999
  usd_strength: -0.17426800000000003
