bitcoin:
  adoption: 0.020000000000000004
  bond_yields: -0.146
  currency_instability: -0.09019599999999997
  energy_prices: 0.06926666666666667
  equity_flows: 0.4668595555555555
  geopolitics: 0.020000000000000004
  inflation: 0.05199999999999999
  liquidity: -0.0824
  real_rates: 0.06399999999999997
  recession_probability: 0.06291422222222223
  regulation: 0.0206
  tail_risk_event: -0.014199999999999999
  usd_strength: -0.05411759999999998
gold:
  adoption: 0.0
  bond_yields: -0.24333333333333332
  currency_instability: -0.05411759999999998
  energy_prices: 0.20779999999999998
  equity_flows: 0.13338844444444445
  geopolitics: 0.12
  inflation: 0.25999999999999995
  liquidity: -0.0515
  real_rates: 0.31999999999999984
  recession_probability: 0.15728555555555557
  regulation: -0.0
  tail_risk_event: -0.09939999999999999
  usd_strength: -0.14431359999999996
