bitcoin:
  adoption: 0.020000000000000004
  bond_yields: -0.11799999999999997
  currency_instability: -0.10292799999999999
  energy_prices: -0.0031666666666666644
  equity_flows: 0.3853531111111112
  geopolitics: -0.020000000000000004
  inflation: -0.02333333333333334
  liquidity: -0.10560000000000001
  real_rates: -0.10599999999999997
  recession_probability: 0.052400444444444465
  regulation: 0.026400000000000003
  tail_risk_event: -0.0159
  usd_strength: -0.061756799999999994
gold:
  adoption: 0.0
  bond_yields: -0.19666666666666663
  currency_instability: -0.061756799999999994
  energy_prices: -0.009499999999999993
  equity_flows: 0.11010088888888891
  geopolitics: -0.12
  inflation: -0.1166666666666667
  liquidity: -0.066
  real_rates: -0.5299999999999998
  recession_probability: 0.13100111111111115
  regulation: -0.0
  tail_risk_event: -0.1113
  usd_strength: -0.1646848
