bitcoin:
  adoption: 0.020000000000000004
  bond_yields: -0.12400000000000001
  currency_instability: -0.0964275
  energy_prices: 0.0004999999999999952
  equity_flows: 0.3757615555555555
  geopolitics: -0.020000000000000004
  inflation: -0.02333333333333334
  liquidity: -0.0952
  real_rates: -0.11800000000000006
  recession_probability: 0.05103022222222223
  regulation: 0.0238
  tail_risk_event: -0.0151
  usd_strength: -0.0578565
gold:
  adoption: 0.0
  bond_yields: -0.2066666666666667
  currency_instability: -0.0578565
  energy_prices: 0.0014999999999999857
  equity_flows: 0.10736044444444444
  geopolitics: -0.12
  inflation: -0.1166666666666667
  liquidity: -0.0595
  real_rates: -0.5900000000000003
  recession_probability: 0.12757555555555555
  regulation: -0.0
  tail_risk_event: -0.10569999999999999
  usd_strength: -0.154284
