bitcoin:
  adoption: 0.020000000000000004
  bond_yields: -0.14699999999999996
  currency_instability: -0.09019599999999997
  energy_prices: 0.06926666666666667
  equity_flows: 0.4524333333333333
  geopolitics: 0.020000000000000004
  inflation: 0.05199999999999999
  liquidity: -0.0704
  real_rates: 0.06200000000000001
  recession_probability: 0.06085333333333334
  regulation: 0.0176
  tail_risk_event: -0.013300000000000001
  usd_strength: -0.05411759999999998
gold:
  adoption: 0.0
  bond_yields: -0.24499999999999997
  currency_instability: -0.05411759999999998
  energy_prices: 0.20779999999999998
  equity_flows: 0.12926666666666667
  geopolitics: 0.12
  inflation: 0.25999999999999995
  liquidity: -0.044
  real_rates: 0.31000000000000005
  recession_probability: 0.15213333333333334
  regulation: -0.0
  tail_risk_event: -0.0931
  usd_strength: -0.14431359999999996
