bitcoin:
  adoption: 0.020000000000000004
  bond_yields: -0.09799999999999999
  currency_instability: -0.10560899999999997
  energy_prices: -0.0007999999999999948
  equity_flows: 0.34772111111111115
  geopolitics: -0.020000000000000004
  inflation: -0.0040000000000000036
  liquidity: -0.07600000000000001
  real_rates: -0.008000000000000007
  recession_probability: 0.04673444444444446
  regulation: 0.019000000000000003
  tail_risk_event: -0.013700000000000002
  usd_strength: -0.06336539999999997
gold:
  adoption: 0.0
  bond_yields: -0.16333333333333333
  currency_instability: -0.06336539999999997
  energy_prices: -0.002399999999999984
  equity_flows: 0.09934888888888892
  geopolitics: -0.12
  inflation: -0.020000000000000018
  liquidity: -0.0475
  real_rates: -0.040000000000000036
  recession_probability: 0.11683611111111114
  regulation: -0.0
  tail_risk_event: -0.0959
  usd_strength: -0.16897439999999997
