bitcoin:
  adoption: 0.020000000000000004
  bond_yields: -0.13899999999999996
  currency_instability: -0.1013785
  energy_prices: 0.055650000000000005
  equity_flows: 0.312119111111111
  geopolitics: 0.020000000000000004
  inflation: -0.03799999999999999
  liquidity: 0.019200000000000002
  real_rates: -0.19199999999999992
  recession_probability: 0.04215844444444444
  regulation: -0.0048000000000000004
  tail_risk_event: -0.006600000000000001
  usd_strength: -0.060827099999999995
gold:
  adoption: 0.0
  bond_yields: -0.2316666666666666
  currency_instability: -0.060827099999999995
  energy_prices: 0.16695
  equity_flows: 0.08917688888888887
  geopolitics: 0.12
  inflation: -0.18999999999999995
  liquidity: 0.012
  real_rates: -0.9599999999999995
  recession_probability: 0.1053961111111111
  regulation: 0.0
  tail_risk_event: -0.0462
  usd_strength: -0.1622056
