bitcoin:
  adoption: 0.020000000000000004
  bond_yields: -0.12999999999999998
  currency_instability: -0.10223900000000001
  energy_prices: -0.0010166666666666657
  equity_flows: 0.36954088888888886
  geopolitics: -0.020000000000000004
  inflation: -0.02333333333333334
  liquidity: -0.052000000000000005
  real_rates: -0.12999999999999998
  recession_probability: 0.050141555555555564
  regulation: 0.013000000000000001
  tail_risk_event: -0.0119
  usd_strength: -0.061343400000000006
gold:
  adoption: 0.0
  bond_yields: -0.21666666666666665
  currency_instability: -0.061343400000000006
  energy_prices: -0.003049999999999997
  equity_flows: 0.10558311111111113
  geopolitics: -0.12
  inflation: -0.1166666666666667
  liquidity: -0.0325
  real_rates: -0.6499999999999999
  recession_probability: 0.1253538888888889
  regulation: -0.0
  tail_risk_event: -0.08329999999999999
  usd_strength: -0.16358240000000002
