bitcoin:
  adoption: 0.020000000000000004
  bond_yields: -0.10899999999999999
  currency_instability: -0.10714399999999998
  energy_prices: -0.0014833333333333343
  equity_flows: 0.3623464444444444
  geopolitics: -0.020000000000000004
  inflation: 0.0013333333333333346
  liquidity: -0.0824
  real_rates: -0.013999999999999969
  recession_probability: 0.048743777777777775
  regulation: 0.0206
  tail_risk_event: -0.014199999999999999
  usd_strength: -0.06428639999999998
gold:
  adoption: 0.0
  bond_yields: -0.18166666666666664
  currency_instability: -0.06428639999999998
  energy_prices: -0.0044500000000000026
  equity_flows: 0.10352755555555555
  geopolitics: -0.12
  inflation: 0.006666666666666672
  liquidity: -0.0515
  real_rates: -0.06999999999999984
  recession_probability: 0.12185944444444444
  regulation: -0.0
  tail_risk_event: -0.09939999999999999
  usd_strength: -0.17143039999999998
