bitcoin:
  adoption: 0.020000000000000004
  bond_yields: -0.163
  currency_instability: -0.10265749999999997
  energy_prices: 0.04063333333333333
  equity_flows: 0.46809777777777767
  geopolitics: 0.020000000000000004
  inflation: 0.030666666666666665
  liquidity: -0.0848
  real_rates: -0.03399999999999999
  recession_probability: 0.06341111111111111
  regulation: 0.0212
  tail_risk_event: -0.0144
  usd_strength: -0.06159449999999998
gold:
  adoption: 0.0
  bond_yields: -0.27166666666666667
  currency_instability: -0.06159449999999998
  energy_prices: 0.12189999999999998
  equity_flows: 0.1337422222222222
  geopolitics: 0.12
  inflation: 0.15333333333333332
  liquidity: -0.053
  real_rates: -0.16999999999999993
  recession_probability: 0.15852777777777777
  regulation: -0.0
  tail_risk_event: -0.10079999999999999
  usd_strength: -0.16425199999999995
