bitcoin:
  adoption: 0.020000000000000004
  bond_yields: -0.12400000000000001
  currency_instability: -0.0964275
  energy_prices: 0.0007666666666666681
  equity_flows: 0.3794046666666666
  geopolitics: -0.020000000000000004
  inflation: -0.02333333333333334
  liquidity: -0.0864
  real_rates: -0.11800000000000006
  recession_probability: 0.05155066666666667
  regulation: 0.0216
  tail_risk_event: -0.014499999999999999
  usd_strength: -0.0578565
gold:
  adoption: 0.0
  bond_yields: -0.2066666666666667
  currency_instability: -0.0578565
  energy_prices: 0.0023000000000000043
  equity_flows: 0.10840133333333334
  geopolitics: -0.12
  inflation: -0.1166666666666667
  liquidity: -0.054
  real_rates: -0.5900000000000003
  recession_probability: 0.12887666666666667
  regulation: -0.0
  tail_risk_event: -0.10149999999999999
  usd_strength: -0.154284
