bitcoin:
  adoption: 0.020000000000000004
  bond_yields: -0.10599999999999997
  currency_instability: -0.10245249999999999
  energy_prices: 0.004333333333333336
  equity_flows: 0.3290435555555555
  geopolitics: -0.020000000000000004
  inflation: -0.0040000000000000036
  liquidity: -0.09920000000000001
  real_rates: -0.023999999999999935
  recession_probability: 0.04406622222222222
  regulation: 0.024800000000000003
  tail_risk_event: -0.0154
  usd_strength: -0.06147149999999999
gold:
  adoption: 0.0
  bond_yields: -0.1766666666666666
  currency_instability: -0.06147149999999999
  energy_prices: 0.013000000000000006
  equity_flows: 0.09401244444444444
  geopolitics: -0.12
  inflation: -0.020000000000000018
  liquidity: -0.062
  real_rates: -0.11999999999999966
  recession_probability: 0.11016555555555554
  regulation: -0.0
  tail_risk_event: -0.10779999999999999
  usd_strength: -0.163924
