bitcoin:
  adoption: 0.020000000000000004
  bond_yields: -0.14800000000000002
  currency_instability: -0.10443300000000001
  energy_prices: 0.019783333333333344
  equity_flows: 0.4640595555555555
  geopolitics: 0.0053
  inflation: 0.078
  liquidity: -0.0984
  real_rates: 0.1379999999999999
  recession_probability: 0.062124222222222227
  regulation: 0.0246
  tail_risk_event: -0.0154
  usd_strength: -0.0626598
gold:
  adoption: 0.0
  bond_yields: -0.24666666666666673
  currency_instability: -0.0626598
  energy_prices: 0.05935000000000002
  equity_flows: 0.13258844444444445
  geopolitics: 0.031799999999999995
  inflation: 0.38999999999999996
  liquidity: -0.0615
  real_rates: 0.6899999999999995
  recession_probability: 0.15531055555555556
  regulation: -0.0
  tail_risk_event: -0.10779999999999999
  usd_strength: -0.16709280000000004
