bitcoin:
  adoption: 0.020000000000000004
  bond_yields: -0.12599999999999997
  currency_instability: -0.102759
  energy_prices: 0.055650000000000005
  equity_flows: 0.3276762222222222
  geopolitics: 0.020000000000000004
  inflation: -0.03799999999999999
  liquidity: -0.0104
  real_rates: -0.16599999999999993
  recession_probability: 0.044380888888888886
  regulation: 0.0026
  tail_risk_event: -0.0088
  usd_strength: -0.0616554
gold:
  adoption: 0.0
  bond_yields: -0.20999999999999996
  currency_instability: -0.0616554
  energy_prices: 0.16695
  equity_flows: 0.09362177777777778
  geopolitics: 0.12
  inflation: -0.18999999999999995
  liquidity: -0.0065
  real_rates: -0.8299999999999996
  recession_probability: 0.11095222222222222
  regulation: -0.0
  tail_risk_event: -0.061599999999999995
  usd_strength: -0.16441440000000002
