bitcoin:
  adoption: 0.020000000000000004
  bond_yields: -0.133
  currency_instability: -0.10328249999999997
  energy_prices: 0.09001666666666669
  equity_flows: 0.3292877777777778
  geopolitics: 0.020000000000000004
  inflation: -0.03799999999999999
  liquidity: 0.008
  real_rates: -0.18
  recession_probability: 0.04461111111111112
  regulation: -0.002
  tail_risk_event: -0.0074
  usd_strength: -0.06196949999999998
gold:
  adoption: 0.0
  bond_yields: -0.22166666666666668
  currency_instability: -0.06196949999999998
  energy_prices: 0.27005
  equity_flows: 0.09408222222222223
  geopolitics: 0.12
  inflation: -0.18999999999999995
  liquidity: 0.005
  real_rates: -0.8999999999999999
  recession_probability: 0.1115277777777778
  regulation: 0.0
  tail_risk_event: -0.05179999999999999
  usd_strength: -0.16525199999999995
