bitcoin:
  adoption: 0.020000000000000004
  bond_yields: -0.11399999999999996
  currency_instability: -0.10108299999999999
  energy_prices: 0.006099999999999994
  equity_flows: 0.33667822222222216
  geopolitics: -0.0181
  inflation: -0.0040000000000000036
  liquidity: -0.10160000000000001
  real_rates: -0.03999999999999995
  recession_probability: 0.045156888888888885
  regulation: 0.025400000000000002
  tail_risk_event: -0.015600000000000001
  usd_strength: -0.06064979999999999
gold:
  adoption: 0.0
  bond_yields: -0.18999999999999995
  currency_instability: -0.06064979999999999
  energy_prices: 0.018299999999999983
  equity_flows: 0.09619377777777777
  geopolitics: -0.10859999999999999
  inflation: -0.020000000000000018
  liquidity: -0.0635
  real_rates: -0.19999999999999973
  recession_probability: 0.11289222222222221
  regulation: -0.0
  tail_risk_event: -0.10919999999999999
  usd_strength: -0.1617328
