bitcoin:
  adoption: 0.020000000000000004
  bond_yields: -0.0
  currency_instability: -0.09120350000000002
  energy_prices: 0.007550000000000003
  equity_flows: 0.3634042222222222
  geopolitics: -0.015600000000000001
  inflation: -0.040666666666666657
  liquidity: -0.0472
  real_rates: 0.07800000000000003
  recession_probability: 0.049524888888888896
  regulation: 0.0118
  tail_risk_event: -0.011500000000000002
  usd_strength: -0.05472210000000001
gold:
  adoption: 0.0
  bond_yields: -0.0
  currency_instability: -0.05472210000000001
  energy_prices: 0.022650000000000007
  equity_flows: 0.10382977777777778
  geopolitics: -0.0936
  inflation: -0.20333333333333328
  liquidity: -0.0295
  real_rates: 0.3900000000000001
  recession_probability: 0.12381222222222223
  regulation: -0.0
  tail_risk_event: -0.0805
  usd_strength: -0.14592560000000004
