bitcoin:
  adoption: 0.020000000000000004
  bond_yields: -0.09900000000000002
  currency_instability: -0.10760849999999998
  energy_prices: -0.0007999999999999948
  equity_flows: 0.3366237777777778
  geopolitics: -0.020000000000000004
  inflation: -0.0040000000000000036
  liquidity: -0.044800000000000006
  real_rates: -0.010000000000000054
  recession_probability: 0.04514911111111112
  regulation: 0.011200000000000002
  tail_risk_event: -0.0114
  usd_strength: -0.06456509999999999
gold:
  adoption: 0.0
  bond_yields: -0.16500000000000004
  currency_instability: -0.06456509999999999
  energy_prices: -0.002399999999999984
  equity_flows: 0.09617822222222223
  geopolitics: -0.12
  inflation: -0.020000000000000018
  liquidity: -0.028
  real_rates: -0.050000000000000266
  recession_probability: 0.1128727777777778
  regulation: -0.0
  tail_risk_event: -0.0798
  usd_strength: -0.17217359999999998
