bitcoin:
  adoption: 0.020000000000000004
  bond_yields: -0.10800000000000001
  currency_instability: -0.08995849999999997
  energy_prices: 0.004216666666666669
  equity_flows: 0.36365
  geopolitics: -0.020000000000000004
  inflation: -0.040666666666666657
  liquidity: -0.0424
  real_rates: -0.13799999999999998
  recession_probability: 0.04956
  regulation: 0.0106
  tail_risk_event: -0.011200000000000002
  usd_strength: -0.05397509999999998
gold:
  adoption: 0.0
  bond_yields: -0.18000000000000002
  currency_instability: -0.05397509999999998
  energy_prices: 0.012650000000000005
  equity_flows: 0.10389999999999999
  geopolitics: -0.12
  inflation: -0.20333333333333328
  liquidity: -0.0265
  real_rates: -0.69
  recession_probability: 0.1239
  regulation: -0.0
  tail_risk_event: -0.0784
  usd_strength: -0.14393359999999997
