bitcoin:
  adoption: 0.020000000000000004
  bond_yields: -0.11799999999999997
  currency_instability: -0.099938
  energy_prices: -0.0031666666666666644
  equity_flows: 0.3803053333333333
  geopolitics: -0.020000000000000004
  inflation: -0.019333333333333338
  liquidity: -0.1024
  real_rates: -0.09399999999999996
  recession_probability: 0.05161933333333333
  regulation: 0.0256
  tail_risk_event: -0.015700000000000002
  usd_strength: -0.0599628
gold:
  adoption: 0.0
  bond_yields: -0.19666666666666663
  currency_instability: -0.0599628
  energy_prices: -0.009499999999999993
  equity_flows: 0.10865866666666667
  geopolitics: -0.12
  inflation: -0.09666666666666668
  liquidity: -0.064
  real_rates: -0.46999999999999975
  recession_probability: 0.12904833333333332
  regulation: -0.0
  tail_risk_event: -0.1099
  usd_strength: -0.1599008
