bitcoin:
  adoption: 0.020000000000000004
  bond_yields: -0.116
  currency_instability: -0.10108299999999999
  energy_prices: 0.004983333333333337
  equity_flows: 0.3274008888888889
  geopolitics: -0.020000000000000004
  inflation: -0.0040000000000000036
  liquidity: -0.08800000000000001
  real_rates: -0.04400000000000004
  recession_probability: 0.04383155555555557
  regulation: 0.022000000000000002
  tail_risk_event: -0.0146
  usd_strength: -0.06064979999999999
gold:
  adoption: 0.0
  bond_yields: -0.19333333333333336
  currency_instability: -0.06064979999999999
  energy_prices: 0.01495000000000001
  equity_flows: 0.09354311111111113
  geopolitics: -0.12
  inflation: -0.020000000000000018
  liquidity: -0.055
  real_rates: -0.2200000000000002
  recession_probability: 0.1095788888888889
  regulation: -0.0
  tail_risk_event: -0.10219999999999999
  usd_strength: -0.1617328
