bitcoin:
  adoption: 0.020000000000000004
  bond_yields: -0.14800000000000002
  currency_instability: -0.10345100000000002
  energy_prices: 0.019783333333333344
  equity_flows: 0.4672655555555556
  geopolitics: 0.0053
  inflation: 0.078
  liquidity: -0.0944
  real_rates: 0.1379999999999999
  recession_probability: 0.06258222222222225
  regulation: 0.0236
  tail_risk_event: -0.0151
  usd_strength: -0.062070600000000004
gold:
  adoption: 0.0
  bond_yields: -0.24666666666666673
  currency_instability: -0.062070600000000004
  energy_prices: 0.05935000000000002
  equity_flows: 0.13350444444444448
  geopolitics: 0.031799999999999995
  inflation: 0.38999999999999996
  liquidity: -0.059
  real_rates: 0.6899999999999995
  recession_probability: 0.1564555555555556
  regulation: -0.0
  tail_risk_event: -0.10569999999999999
  usd_strength: -0.16552160000000005
