bitcoin:
  adoption: 0.020000000000000004
  bond_yields: -0.129
  currency_instability: -0.08949800000000004
  energy_prices: 0.002666666666666669
  equity_flows: 0.35752888888888884
  geopolitics: -0.020000000000000004
  inflation: -0.02333333333333334
  liquidity: -0.068
  real_rates: -0.12800000000000003
  recession_probability: 0.048425555555555555
  regulation: 0.017
  tail_risk_event: -0.0131
  usd_strength: -0.05369880000000002
gold:
  adoption: 0.0
  bond_yields: -0.215
  currency_instability: -0.05369880000000002
  energy_prices: 0.008000000000000007
  equity_flows: 0.10215111111111111
  geopolitics: -0.12
  inflation: -0.1166666666666667
  liquidity: -0.0425
  real_rates: -0.6400000000000001
  recession_probability: 0.12106388888888887
  regulation: -0.0
  tail_risk_event: -0.0917
  usd_strength: -0.14319680000000007
