bitcoin:
  adoption: 0.020000000000000004
  bond_yields: -0.11500000000000003
  currency_instability: -0.10430750000000004
  energy_prices: 0.004983333333333337
  equity_flows: 0.34042711111111107
  geopolitics: -0.020000000000000004
  inflation: -0.0040000000000000036
  liquidity: -0.09280000000000001
  real_rates: -0.042000000000000086
  recession_probability: 0.04569244444444445
  regulation: 0.023200000000000002
  tail_risk_event: -0.015
  usd_strength: -0.06258450000000002
gold:
  adoption: 0.0
  bond_yields: -0.19166666666666674
  currency_instability: -0.06258450000000002
  energy_prices: 0.01495000000000001
  equity_flows: 0.0972648888888889
  geopolitics: -0.12
  inflation: -0.020000000000000018
  liquidity: -0.058
  real_rates: -0.2100000000000004
  recession_probability: 0.11423111111111112
  regulation: -0.0
  tail_risk_event: -0.105
  usd_strength: -0.16689200000000007
