bitcoin:
  adoption: 0.020000000000000004
  bond_yields: -0.11699999999999998
  currency_instability: -0.099938
  energy_prices: -0.003516666666666666
  equity_flows: 0.3803053333333333
  geopolitics: -0.020000000000000004
  inflation: -0.019333333333333338
  liquidity: -0.10960000000000002
  real_rates: -0.092
  recession_probability: 0.05161933333333333
  regulation: 0.027400000000000004
  tail_risk_event: -0.016200000000000003
  usd_strength: -0.0599628
gold:
  adoption: 0.0
  bond_yields: -0.19499999999999998
  currency_instability: -0.0599628
  energy_prices: -0.010549999999999997
  equity_flows: 0.10865866666666667
  geopolitics: -0.12
  inflation: -0.09666666666666668
  liquidity: -0.0685
  real_rates: -0.45999999999999996
  recession_probability: 0.12904833333333332
  regulation: -0.0
  tail_risk_event: -0.1134
  usd_strength: -0.1599008
