bitcoin:
  adoption: 0.020000000000000004
  bond_yields: -0.112
  currency_instability: -0.10430750000000004
  energy_prices: 0.004983333333333337
  equity_flows: 0.34461
  geopolitics: -0.020000000000000004
  inflation: -0.0040000000000000036
  liquidity: -0.08960000000000001
  real_rates: -0.03600000000000003
  recession_probability: 0.04629000000000001
  regulation: 0.022400000000000003
  tail_risk_event: -0.0147
  usd_strength: -0.06258450000000002
gold:
  adoption: 0.0
  bond_yields: -0.18666666666666668
  currency_instability: -0.06258450000000002
  energy_prices: 0.01495000000000001
  equity_flows: 0.09846000000000002
  geopolitics: -0.12
  inflation: -0.020000000000000018
  liquidity: -0.056
  real_rates: -0.18000000000000016
  recession_probability: 0.11572500000000002
  regulation: -0.0
  tail_risk_event: -0.10289999999999999
  usd_strength: -0.16689200000000007
