bitcoin:
  adoption: 0.020000000000000004
  bond_yields: -0.09999999999999999
  currency_instability: -0.111175
  energy_prices: -0.0014833333333333343
  equity_flows: 0.365414
  geopolitics: -0.020000000000000004
  inflation: 0.0013333333333333346
  liquidity: -0.0832
  real_rates: 0.0040000000000000036
  recession_probability: 0.049182000000000003
  regulation: 0.0208
  tail_risk_event: -0.014199999999999999
  usd_strength: -0.066705
gold:
  adoption: 0.0
  bond_yields: -0.16666666666666666
  currency_instability: -0.066705
  energy_prices: -0.0044500000000000026
  equity_flows: 0.10440400000000001
  geopolitics: -0.12
  inflation: 0.006666666666666672
  liquidity: -0.052
  real_rates: 0.020000000000000018
  recession_probability: 0.12295500000000001
  regulation: -0.0
  tail_risk_event: -0.09939999999999999
  usd_strength: -0.17788
