bitcoin:
  adoption: 0.020000000000000004
  bond_yields: -0.10499999999999997
  currency_instability: -0.08762900000000001
  energy_prices: 0.007550000000000003
  equity_flows: 0.3645008888888889
  geopolitics: -0.015600000000000001
  inflation: -0.040666666666666657
  liquidity: -0.0504
  real_rates: -0.13199999999999995
  recession_probability: 0.04968155555555556
  regulation: 0.0126
  tail_risk_event: -0.0118
  usd_strength: -0.0525774
gold:
  adoption: 0.0
  bond_yields: -0.17499999999999996
  currency_instability: -0.0525774
  energy_prices: 0.022650000000000007
  equity_flows: 0.10414311111111113
  geopolitics: -0.0936
  inflation: -0.20333333333333328
  liquidity: -0.0315
  real_rates: -0.6599999999999997
  recession_probability: 0.1242038888888889
  regulation: -0.0
  tail_risk_event: -0.08259999999999999
  usd_strength: -0.14020640000000004
