bitcoin:
  adoption: 0.0
  bond_yields: -0.0
  currency_instability: -0.0
  energy_prices: 0.016666666666666666
  equity_flows: 0.0
  geopolitics: 0.0
  inflation: 0.05199999999999999
  liquidity: -0.0704
  real_rates: 0.356
  recession_probability: 0.0
  regulation: 0.0176
  tail_risk_event: -0.013300000000000001
  usd_strength: -0.0
gold:
  adoption: 0.0
  bond_yields: -0.0
  currency_instability: -0.0
  energy_prices: 0.049999999999999996
  equity_flows: 0.0
  geopolitics: 0.0
  inflation: 0.25999999999999995
  liquidity: -0.044
  real_rates: 1.7799999999999998
  recession_probability: 0.0
  regulation: -0.0
  tail_risk_event: -0.0931
  usd_strength: -0.0
