bitcoin:
  adoption: 0.020000000000000004
  bond_yields: -0.11299999999999999
  currency_instability: -0.10530749999999997
  energy_prices: -0.0016000000000000016
  equity_flows: 0.37126133333333333
  geopolitics: -0.020000000000000004
  inflation: 0.0013333333333333346
  liquidity: -0.0984
  real_rates: -0.021999999999999978
  recession_probability: 0.05001733333333334
  regulation: 0.0246
  tail_risk_event: -0.0154
  usd_strength: -0.06318449999999998
gold:
  adoption: 0.0
  bond_yields: -0.18833333333333332
  currency_instability: -0.06318449999999998
  energy_prices: -0.004800000000000004
  equity_flows: 0.10607466666666668
  geopolitics: -0.12
  inflation: 0.006666666666666672
  liquidity: -0.0615
  real_rates: -0.10999999999999988
  recession_probability: 0.12504333333333334
  regulation: -0.0
  tail_risk_event: -0.10779999999999999
  usd_strength: -0.16849199999999998
