bitcoin:
  adoption: 0.020000000000000004
  bond_yields: -0.14000000000000004
  currency_instability: -0.10197899999999997
  energy_prices: 0.031566666666666666
  equity_flows: 0.4444984444444444
  geopolitics: 0.020000000000000004
  inflation: 0.078
  liquidity: -0.06480000000000001
  real_rates: 0.15399999999999991
  recession_probability: 0.05932977777777779
  regulation: 0.016200000000000003
  tail_risk_event: -0.012900000000000002
  usd_strength: -0.06118739999999998
gold:
  adoption: 0.0
  bond_yields: -0.2333333333333334
  currency_instability: -0.06118739999999998
  energy_prices: 0.09469999999999999
  equity_flows: 0.12699955555555556
  geopolitics: 0.12
  inflation: 0.38999999999999996
  liquidity: -0.0405
  real_rates: 0.7699999999999996
  recession_probability: 0.14832444444444445
  regulation: -0.0
  tail_risk_event: -0.09029999999999999
  usd_strength: -0.16316639999999996
