bitcoin:
  adoption: 0.020000000000000004
  bond_yields: -0.12199999999999997
  currency_instability: -0.0964275
  energy_prices: 0.0007666666666666681
  equity_flows: 0.38556
  geopolitics: -0.020000000000000004
  inflation: -0.02333333333333334
  liquidity: -0.09200000000000001
  real_rates: -0.11399999999999998
  recession_probability: 0.05243000000000001
  regulation: 0.023000000000000003
  tail_risk_event: -0.0149
  usd_strength: -0.0578565
gold:
  adoption: 0.0
  bond_yields: -0.20333333333333328
  currency_instability: -0.0578565
  energy_prices: 0.0023000000000000043
  equity_flows: 0.11016000000000002
  geopolitics: -0.12
  inflation: -0.1166666666666667
  liquidity: -0.0575
  real_rates: -0.5699999999999998
  recession_probability: 0.13107500000000002
  regulation: -0.0
  tail_risk_event: -0.10429999999999999
  usd_strength: -0.154284
