bitcoin:
  adoption: 0.020000000000000004
  bond_yields: -0.15
  currency_instability: -0.09643399999999999
  energy_prices: 0.08708333333333335
  equity_flows: 0.46983377777777774
  geopolitics: 0.020000000000000004
  inflation: 0.05199999999999999
  liquidity: -0.09280000000000001
  real_rates: 0.055999999999999966
  recession_probability: 0.06333911111111111
  regulation: 0.023200000000000002
  tail_risk_event: -0.015
  usd_strength: -0.05786039999999999
gold:
  adoption: 0.0
  bond_yields: -0.25
  currency_instability: -0.05786039999999999
  energy_prices: 0.26125
  equity_flows: 0.13423822222222223
  geopolitics: 0.12
  inflation: 0.25999999999999995
  liquidity: -0.058
  real_rates: 0.2799999999999998
  recession_probability: 0.15834777777777775
  regulation: -0.0
  tail_risk_event: -0.105
  usd_strength: -0.1542944
