bitcoin:
  adoption: 0.020000000000000004
  bond_yields: -0.12199999999999997
  currency_instability: -0.09120350000000002
  energy_prices: 0.002666666666666669
  equity_flows: 0.3798371111111112
  geopolitics: -0.020000000000000004
  inflation: -0.02333333333333334
  liquidity: -0.07680000000000001
  real_rates: -0.11399999999999998
  recession_probability: 0.05161244444444446
  regulation: 0.019200000000000002
  tail_risk_event: -0.013800000000000002
  usd_strength: -0.05472210000000001
gold:
  adoption: 0.0
  bond_yields: -0.20333333333333328
  currency_instability: -0.05472210000000001
  energy_prices: 0.008000000000000007
  equity_flows: 0.10852488888888892
  geopolitics: -0.12
  inflation: -0.1166666666666667
  liquidity: -0.048
  real_rates: -0.5699999999999998
  recession_probability: 0.12903111111111115
  regulation: -0.0
  tail_risk_event: -0.0966
  usd_strength: -0.14592560000000004
