bitcoin:
  adoption: 0.020000000000000004
  bond_yields: -0.10300000000000002
  currency_instability: -0.10760849999999998
  energy_prices: 0.0041500000000000035
  equity_flows: 0.3377204444444445
  geopolitics: -0.020000000000000004
  inflation: -0.0040000000000000036
  liquidity: -0.046400000000000004
  real_rates: -0.01800000000000006
  recession_probability: 0.04530577777777779
  regulation: 0.011600000000000001
  tail_risk_event: -0.011500000000000002
  usd_strength: -0.06456509999999999
gold:
  adoption: 0.0
  bond_yields: -0.17166666666666672
  currency_instability: -0.06456509999999999
  energy_prices: 0.012450000000000008
  equity_flows: 0.09649155555555558
  geopolitics: -0.12
  inflation: -0.020000000000000018
  liquidity: -0.029
  real_rates: -0.0900000000000003
  recession_probability: 0.11326444444444447
  regulation: -0.0
  tail_risk_event: -0.0805
  usd_strength: -0.17217359999999998
