gold:
  inflation: 0.0
  real_rates: 0.0
  bond_yields: 0.0
  energy_prices: 0.0
  usd_strength: -0.13852515506547214
  geopolitics: 0.002953428024712823
  liquidity: 0.16354631797193792
  equity_flows: -0.08976787058233744
  regulation: -0.1832774024279682
  adoption: -0.014185255788749934
  currency_instability: 0.15287864378299898
  recession_probability: 0.009248035392923348
  tail_risk_event: -0.12783365006917535
bitcoin:
  adoption: 0.2
  liquidity: 0.2
  usd_strength: -0.13852515506547214
  inflation: 0.0
  real_rates: 0.0
  bond_yields: 0.0
  energy_prices: 0.0
  geopolitics: -0.03791999365790896
  regulation: 0.0944867847266665
  currency_instability: -0.1323544893084515
  recession_probability: -0.07969222584669065
  tail_risk_event: -0.0383403309830829
  equity_flows: 0.08919607883212188
