bitcoin:
  adoption: 0.020000000000000004
  bond_yields: -0.13099999999999995
  currency_instability: -0.09427599999999998
  energy_prices: 0.09001666666666669
  equity_flows: 0.3604051111111112
  geopolitics: 0.020000000000000004
  inflation: 0.019333333333333338
  liquidity: -0.0616
  real_rates: -0.003999999999999915
  recession_probability: 0.04819644444444446
  regulation: 0.0154
  tail_risk_event: -0.0126
  usd_strength: -0.05656559999999999
gold:
  adoption: 0.0
  bond_yields: -0.21833333333333327
  currency_instability: -0.05656559999999999
  energy_prices: 0.27005
  equity_flows: 0.10297288888888892
  geopolitics: 0.12
  inflation: 0.09666666666666668
  liquidity: -0.0385
  real_rates: -0.019999999999999574
  recession_probability: 0.12049111111111115
  regulation: -0.0
  tail_risk_event: -0.0882
  usd_strength: -0.1508416
