bitcoin:
  adoption: 0.020000000000000004
  bond_yields: -0.0
  currency_instability: -0.09019599999999997
  energy_prices: 0.08293333333333335
  equity_flows: 0.4531084444444445
  geopolitics: 0.020000000000000004
  inflation: 0.05199999999999999
  liquidity: -0.0704
  real_rates: 0.356
  recession_probability: 0.0609497777777778
  regulation: 0.0176
  tail_risk_event: -0.013300000000000001
  usd_strength: -0.05411759999999998
gold:
  adoption: 0.0
  bond_yields: -0.0
  currency_instability: -0.05411759999999998
  energy_prices: 0.2488
  equity_flows: 0.12945955555555558
  geopolitics: 0.12
  inflation: 0.25999999999999995
  liquidity: -0.044
  real_rates: 1.7799999999999998
  recession_probability: 0.15237444444444448
  regulation: -0.0
  tail_risk_event: -0.0931
  usd_strength: -0.14431359999999996
