bitcoin:
  adoption: 0.020000000000000004
  bond_yields: -0.133
  currency_instability: -0.10442549999999998
  energy_prices: 0.07448333333333333
  equity_flows: 0.3228275555555555
  geopolitics: 0.020000000000000004
  inflation: -0.03799999999999999
  liquidity: -0.0048000000000000004
  real_rates: -0.18
  recession_probability: 0.04368822222222222
  regulation: 0.0012000000000000001
  tail_risk_event: -0.008400000000000001
  usd_strength: -0.06265529999999998
gold:
  adoption: 0.0
  bond_yields: -0.22166666666666668
  currency_instability: -0.06265529999999998
  energy_prices: 0.22345
  equity_flows: 0.09223644444444444
  geopolitics: 0.12
  inflation: -0.18999999999999995
  liquidity: -0.003
  real_rates: -0.8999999999999999
  recession_probability: 0.10922055555555554
  regulation: -0.0
  tail_risk_event: -0.0588
  usd_strength: -0.16708079999999997
