bitcoin:
  adoption: 0.0
  bond_yields: -0.10899999999999999
  currency_instability: -0.09120350000000002
  energy_prices: 0.007550000000000003
  equity_flows: 0.0
  geopolitics: -0.015600000000000001
  inflation: -0.040666666666666657
  liquidity: -0.0408
  real_rates: -0.13999999999999996
  recession_probability: 0.0
  regulation: 0.0102
  tail_risk_event: -0.011000000000000001
  usd_strength: -0.05472210000000001
gold:
  adoption: 0.0
  bond_yields: -0.18166666666666664
  currency_instability: -0.05472210000000001
  energy_prices: 0.022650000000000007
  equity_flows: 0.0
  geopolitics: -0.0936
  inflation: -0.20333333333333328
  liquidity: -0.0255
  real_rates: -0.6999999999999997
  recession_probability: 0.0
  regulation: -0.0
  tail_risk_event: -0.077
  usd_strength: -0.14592560000000004
