bitcoin:
  adoption: 0.020000000000000004
  bond_yields: -0.10199999999999995
  currency_instability: -0.10714399999999998
  energy_prices: -0.0014833333333333343
  equity_flows: 0.365414
  geopolitics: -0.020000000000000004
  inflation: 0.0013333333333333346
  liquidity: -0.09200000000000001
  real_rates: 8.881784197001253e-17
  recession_probability: 0.049182000000000003
  regulation: 0.023000000000000003
  tail_risk_event: -0.0149
  usd_strength: -0.06428639999999998
gold:
  adoption: 0.0
  bond_yields: -0.16999999999999993
  currency_instability: -0.06428639999999998
  energy_prices: -0.0044500000000000026
  equity_flows: 0.10440400000000001
  geopolitics: -0.12
  inflation: 0.006666666666666672
  liquidity: -0.0575
  real_rates: 4.440892098500626e-16
  recession_probability: 0.12295500000000001
  regulation: -0.0
  tail_risk_event: -0.10429999999999999
  usd_strength: -0.17143039999999998
