gold:
  inflation: 0.0
  real_rates: 0.5
  bond_yields: 0.0
  energy_prices: 0.0
  usd_strength: 0.2409832299563519
  liquidity: -0.10798474749087705
  equity_flows: 0.19164575973454706
  geopolitics: -0.19399048600922777
  regulation: -0.1542109654968031
  adoption: -0.02689000310855852
  currency_instability: -0.015376436503422436
  recession_probability: 0.0818686306481588
  tail_risk_event: -0.07079098446189111
bitcoin:
  inflation: 0.0
  real_rates: 0.5
  bond_yields: 0.0
  energy_prices: 0.0
  usd_strength: 0.2409832299563519
  liquidity: -0.05194788369811443
  equity_flows: -0.06447239076351813
  geopolitics: -0.03406331700412343
  regulation: -0.057780191978287126
  adoption: -0.134282709282449
  currency_instability: -0.03450470877916206
  recession_probability: -0.0725621183702892
  tail_risk_event: -0.050804684455500765
