bitcoin:
  adoption: 0.020000000000000004
  bond_yields: -0.14500000000000002
  currency_instability: -0.09439149999999998
  energy_prices: 0.06271666666666666
  equity_flows: 0.482216
  geopolitics: 0.020000000000000004
  inflation: 0.05199999999999999
  liquidity: -0.0952
  real_rates: 0.06599999999999993
  recession_probability: 0.06510800000000001
  regulation: 0.0238
  tail_risk_event: -0.0152
  usd_strength: -0.05663489999999998
gold:
  adoption: 0.0
  bond_yields: -0.2416666666666667
  currency_instability: -0.05663489999999998
  energy_prices: 0.18814999999999996
  equity_flows: 0.137776
  geopolitics: 0.12
  inflation: 0.25999999999999995
  liquidity: -0.0595
  real_rates: 0.3299999999999996
  recession_probability: 0.16277000000000003
  regulation: -0.0
  tail_risk_event: -0.1064
  usd_strength: -0.15102639999999998
