bitcoin:
  adoption: 0.020000000000000004
  bond_yields: -0.10800000000000001
  currency_instability: -0.08762900000000001
  energy_prices: 0.004216666666666669
  equity_flows: 0.3748126666666667
  geopolitics: -0.020000000000000004
  inflation: -0.040666666666666657
  liquidity: -0.0512
  real_rates: -0.13799999999999998
  recession_probability: 0.051154666666666675
  regulation: 0.0128
  tail_risk_event: -0.0118
  usd_strength: -0.0525774
gold:
  adoption: 0.0
  bond_yields: -0.18000000000000002
  currency_instability: -0.0525774
  energy_prices: 0.012650000000000005
  equity_flows: 0.10708933333333336
  geopolitics: -0.12
  inflation: -0.20333333333333328
  liquidity: -0.032
  real_rates: -0.69
  recession_probability: 0.12788666666666668
  regulation: -0.0
  tail_risk_event: -0.08259999999999999
  usd_strength: -0.14020640000000004
