bitcoin:
  adoption: 0.020000000000000004
  bond_yields: -0.0
  currency_instability: -0.102759
  energy_prices: 0.055650000000000005
  equity_flows: 0.312119111111111
  geopolitics: 0.020000000000000004
  inflation: -0.03799999999999999
  liquidity: 0.019200000000000002
  real_rates: 0.08600000000000003
  recession_probability: 0.04215844444444444
  regulation: -0.0048000000000000004
  tail_risk_event: -0.006600000000000001
  usd_strength: -0.0616554
gold:
  adoption: 0.0
  bond_yields: -0.0
  currency_instability: -0.0616554
  energy_prices: 0.16695
  equity_flows: 0.08917688888888887
  geopolitics: 0.12
  inflation: -0.18999999999999995
  liquidity: 0.012
  real_rates: 0.43000000000000016
  recession_probability: 0.1053961111111111
  regulation: 0.0
  tail_risk_event: -0.0462
  usd_strength: -0.16441440000000002
