bitcoin:
  adoption: 0.020000000000000004
  bond_yields: -0.14800000000000002
  currency_instability: -0.10443300000000001
  energy_prices: 0.019783333333333344
  equity_flows: 0.46405799999999986
  geopolitics: 0.0053
  inflation: 0.078
  liquidity: -0.08960000000000001
  real_rates: 0.1379999999999999
  recession_probability: 0.06212399999999999
  regulation: 0.022400000000000003
  tail_risk_event: -0.0147
  usd_strength: -0.0626598
gold:
  adoption: 0.0
  bond_yields: -0.24666666666666673
  currency_instability: -0.0626598
  energy_prices: 0.05935000000000002
  equity_flows: 0.13258799999999998
  geopolitics: 0.031799999999999995
  inflation: 0.38999999999999996
  liquidity: -0.056
  real_rates: 0.6899999999999995
  recession_probability: 0.15530999999999998
  regulation: -0.0
  tail_risk_event: -0.10289999999999999
  usd_strength: -0.16709280000000004
