bitcoin:
  adoption: 0.020000000000000004
  bond_yields: -0.112
  currency_instability: -0.10269150000000003
  energy_prices: -0.005050000000000002
  equity_flows: 0.36314444444444444
  geopolitics: -0.020000000000000004
  inflation: -0.019333333333333338
  liquidity: -0.0864
  real_rates: -0.08200000000000003
  recession_probability: 0.04916777777777778
  regulation: 0.0216
  tail_risk_event: -0.014499999999999999
  usd_strength: -0.061614900000000014
gold:
  adoption: 0.0
  bond_yields: -0.18666666666666668
  currency_instability: -0.061614900000000014
  energy_prices: -0.015150000000000004
  equity_flows: 0.10375555555555556
  geopolitics: -0.12
  inflation: -0.09666666666666668
  liquidity: -0.054
  real_rates: -0.41000000000000014
  recession_probability: 0.12291944444444444
  regulation: -0.0
  tail_risk_event: -0.10149999999999999
  usd_strength: -0.16430640000000007
