bitcoin:
  adoption: 0.020000000000000004
  bond_yields: -0.14100000000000001
  currency_instability: -0.10197899999999997
  energy_prices: 0.031566666666666666
  equity_flows: 0.4457382222222222
  geopolitics: 0.020000000000000004
  inflation: 0.078
  liquidity: -0.068
  real_rates: 0.15199999999999997
  recession_probability: 0.0595068888888889
  regulation: 0.017
  tail_risk_event: -0.0131
  usd_strength: -0.06118739999999998
gold:
  adoption: 0.0
  bond_yields: -0.23500000000000001
  currency_instability: -0.06118739999999998
  energy_prices: 0.09469999999999999
  equity_flows: 0.1273537777777778
  geopolitics: 0.12
  inflation: 0.38999999999999996
  liquidity: -0.0425
  real_rates: 0.7599999999999998
  recession_probability: 0.14876722222222225
  regulation: -0.0
  tail_risk_event: -0.0917
  usd_strength: -0.16316639999999996
