bitcoin:
  adoption: 0.020000000000000004
  bond_yields: -0.154
  currency_instability: -0.10345100000000002
  energy_prices: 0.01599999999999999
  equity_flows: 0.47345511111111116
  geopolitics: -0.0011
  inflation: 0.078
  liquidity: -0.0976
  real_rates: 0.12599999999999997
  recession_probability: 0.06346644444444446
  regulation: 0.0244
  tail_risk_event: -0.015300000000000001
  usd_strength: -0.062070600000000004
gold:
  adoption: 0.0
  bond_yields: -0.25666666666666665
  currency_instability: -0.062070600000000004
  energy_prices: 0.047999999999999966
  equity_flows: 0.13527288888888891
  geopolitics: -0.006599999999999999
  inflation: 0.38999999999999996
  liquidity: -0.061
  real_rates: 0.6299999999999999
  recession_probability: 0.15866611111111115
  regulation: -0.0
  tail_risk_event: -0.10709999999999999
  usd_strength: -0.16552160000000005
