bitcoin:
  adoption: 0.020000000000000004
  bond_yields: -0.10499999999999997
  currency_instability: -0.102697
  energy_prices: 0.00991666666666667
  equity_flows: 0.31035666666666656
  geopolitics: -0.011600000000000001
  inflation: -0.018000000000000002
  liquidity: -0.10560000000000001
  real_rates: -0.06399999999999997
  recession_probability: 0.04160666666666666
  regulation: 0.026400000000000003
  tail_risk_event: -0.0159
  usd_strength: -0.0616182
gold:
  adoption: 0.0
  bond_yields: -0.17499999999999996
  currency_instability: -0.0616182
  energy_prices: 0.029750000000000013
  equity_flows: 0.08867333333333333
  geopolitics: -0.0696
  inflation: -0.09000000000000001
  liquidity: -0.066
  real_rates: -0.31999999999999984
  recession_probability: 0.10401666666666665
  regulation: -0.0
  tail_risk_event: -0.1113
  usd_strength: -0.1643152
