bitcoin:
  adoption: 0.020000000000000004
  bond_yields: -0.13899999999999996
  currency_instability: -0.1013785
  energy_prices: 0.048883333333333334
  equity_flows: 0.31987977777777776
  geopolitics: 0.020000000000000004
  inflation: -0.03799999999999999
  liquidity: 0.0208
  real_rates: -0.19199999999999992
  recession_probability: 0.04326711111111112
  regulation: -0.0052
  tail_risk_event: -0.0064
  usd_strength: -0.060827099999999995
gold:
  adoption: 0.0
  bond_yields: -0.2316666666666666
  currency_instability: -0.060827099999999995
  energy_prices: 0.14664999999999997
  equity_flows: 0.09139422222222222
  geopolitics: 0.12
  inflation: -0.18999999999999995
  liquidity: 0.013
  real_rates: -0.9599999999999995
  recession_probability: 0.10816777777777778
  regulation: 0.0
  tail_risk_event: -0.0448
  usd_strength: -0.1622056
