bitcoin:
  adoption: 0.0
  bond_yields: -0.0
  currency_instability: -0.0
  energy_prices: 0.016666666666666666
  equity_flows: 0.0
  geopolitics: 0.0
  inflation: -0.03333333333333333
  liquidity: -0.044800000000000006
  real_rates: 0.1
  recession_probability: 0.0
  regulation: 0.011200000000000002
  tail_risk_event: -0.0114
  usd_strength: -0.0
gold:
  adoption: 0.0
  bond_yields: -0.0
  currency_instability: -0.0
  energy_prices: 0.049999999999999996
  equity_flows: 0.0
  geopolitics: 0.0
  inflation: -0.16666666666666666
  liquidity: -0.028
  real_rates: 0.5
  recession_probability: 0.0
  regulation: -0.0
  tail_risk_event: -0.0798
  usd_strength: -0.0
