bitcoin:
  adoption: 0.0
  bond_yields: -0.10899999999999999
  currency_instability: -0.0
  energy_prices: 0.016666666666666666
  equity_flows: 0.0
  geopolitics: 0.0
  inflation: -0.040666666666666657
  liquidity: -0.0472
  real_rates: -0.13999999999999996
  recession_probability: 0.0
  regulation: 0.0118
  tail_risk_event: -0.011500000000000002
  usd_strength: -0.0
gold:
  adoption: 0.0
  bond_yields: -0.18166666666666664
  currency_instability: -0.0
  energy_prices: 0.049999999999999996
  equity_flows: 0.0
  geopolitics: 0.0
  inflation: -0.20333333333333328
  liquidity: -0.0295
  real_rates: -0.6999999999999997
  recession_probability: 0.0
  regulation: -0.0
  tail_risk_event: -0.0805
  usd_strength: -0.0
