bitcoin:
  adoption: 0.020000000000000004
  bond_yields: -0.11399999999999996
  currency_instability: -0.09926450000000003
  energy_prices: -0.003516666666666666
  equity_flows: 0.36485555555555554
  geopolitics: -0.020000000000000004
  inflation: -0.019333333333333338
  liquidity: -0.11359999999999999
  real_rates: -0.08599999999999995
  recession_probability: 0.049412222222222225
  regulation: 0.028399999999999998
  tail_risk_event: -0.0165
  usd_strength: -0.05955870000000002
gold:
  adoption: 0.0
  bond_yields: -0.18999999999999995
  currency_instability: -0.05955870000000002
  energy_prices: -0.010549999999999997
  equity_flows: 0.10424444444444446
  geopolitics: -0.12
  inflation: -0.09666666666666668
  liquidity: -0.071
  real_rates: -0.4299999999999997
  recession_probability: 0.12353055555555556
  regulation: -0.0
  tail_risk_event: -0.11549999999999999
  usd_strength: -0.15882320000000005
