bitcoin:
  adoption: 0.020000000000000004
  bond_yields: -0.11799999999999997
  currency_instability: -0.09120350000000002
  energy_prices: 0.007550000000000003
  equity_flows: 0.3628737777777778
  geopolitics: -0.015600000000000001
  inflation: -0.040666666666666657
  liquidity: -0.044800000000000006
  real_rates: -0.15799999999999992
  recession_probability: 0.04944911111111112
  regulation: 0.011200000000000002
  tail_risk_event: -0.011300000000000001
  usd_strength: -0.05472210000000001
gold:
  adoption: 0.0
  bond_yields: -0.19666666666666663
  currency_instability: -0.05472210000000001
  energy_prices: 0.022650000000000007
  equity_flows: 0.10367822222222223
  geopolitics: -0.0936
  inflation: -0.20333333333333328
  liquidity: -0.028
  real_rates: -0.7899999999999996
  recession_probability: 0.12362277777777779
  regulation: -0.0
  tail_risk_event: -0.0791
  usd_strength: -0.14592560000000004
