bitcoin:
  adoption: 0.020000000000000004
  bond_yields: -0.11799999999999997
  currency_instability: -0.0
  energy_prices: 0.007550000000000003
  equity_flows: 0.3628737777777778
  geopolitics: -0.015600000000000001
  inflation: -0.03333333333333333
  liquidity: -0.044800000000000006
  real_rates: -0.13599999999999995
  recession_probability: 0.04933911111111111
  regulation: 0.011200000000000002
  tail_risk_event: -0.011300000000000001
  usd_strength: -0.0
gold:
  adoption: 0.0
  bond_yields: -0.19666666666666663
  currency_instability: -0.0
  energy_prices: 0.022650000000000007
  equity_flows: 0.10367822222222223
  geopolitics: -0.0936
  inflation: -0.16666666666666666
  liquidity: -0.028
  real_rates: -0.6799999999999997
  recession_probability: 0.12334777777777778
  regulation: -0.0
  tail_risk_event: -0.0791
  usd_strength: -0.0
