bitcoin:
  adoption: 0.020000000000000004
  bond_yields: -0.14900000000000002
  currency_instability: -0.0975365
  energy_prices: 0.04108333333333335
  equity_flows: 0.4667568888888889
  geopolitics: 0.020000000000000004
  inflation: 0.078
  liquidity: -0.0696
  real_rates: 0.13599999999999995
  recession_probability: 0.06250955555555557
  regulation: 0.0174
  tail_risk_event: -0.013200000000000002
  usd_strength: -0.058521899999999995
gold:
  adoption: 0.0
  bond_yields: -0.24833333333333338
  currency_instability: -0.058521899999999995
  energy_prices: 0.12325000000000003
  equity_flows: 0.13335911111111112
  geopolitics: 0.12
  inflation: 0.38999999999999996
  liquidity: -0.0435
  real_rates: 0.6799999999999997
  recession_probability: 0.1562738888888889
  regulation: -0.0
  tail_risk_event: -0.0924
  usd_strength: -0.1560584
