bitcoin:
  adoption: 0.020000000000000004
  bond_yields: -0.104
  currency_instability: -0.111175
  energy_prices: -0.0014833333333333343
  equity_flows: 0.35247022222222224
  geopolitics: -0.020000000000000004
  inflation: 0.0013333333333333346
  liquidity: -0.0688
  real_rates: -0.0040000000000000036
  recession_probability: 0.0473328888888889
  regulation: 0.0172
  tail_risk_event: -0.013200000000000002
  usd_strength: -0.066705
gold:
  adoption: 0.0
  bond_yields: -0.17333333333333334
  currency_instability: -0.066705
  energy_prices: -0.0044500000000000026
  equity_flows: 0.10070577777777778
  geopolitics: -0.12
  inflation: 0.006666666666666672
  liquidity: -0.043
  real_rates: -0.020000000000000018
  recession_probability: 0.11833222222222223
  regulation: -0.0
  tail_risk_event: -0.0924
  usd_strength: -0.17788
