bitcoin:
  adoption: 0.020000000000000004
  bond_yields: -0.09700000000000002
  currency_instability: -0.10560899999999997
  energy_prices: -0.002766666666666661
  equity_flows: 0.3482017777777777
  geopolitics: -0.020000000000000004
  inflation: -0.0040000000000000036
  liquidity: -0.0824
  real_rates: -0.00600000000000005
  recession_probability: 0.04680311111111111
  regulation: 0.0206
  tail_risk_event: -0.014199999999999999
  usd_strength: -0.06336539999999997
gold:
  adoption: 0.0
  bond_yields: -0.1616666666666667
  currency_instability: -0.06336539999999997
  energy_prices: -0.008299999999999983
  equity_flows: 0.09948622222222221
  geopolitics: -0.12
  inflation: -0.020000000000000018
  liquidity: -0.0515
  real_rates: -0.03000000000000025
  recession_probability: 0.11700777777777777
  regulation: -0.0
  tail_risk_event: -0.09939999999999999
  usd_strength: -0.16897439999999997
