bitcoin:
  adoption: 0.020000000000000004
  bond_yields: -0.11699999999999998
  currency_instability: -0.10292799999999999
  energy_prices: -0.0010166666666666657
  equity_flows: 0.3795571111111111
  geopolitics: -0.020000000000000004
  inflation: -0.02333333333333334
  liquidity: -0.0656
  real_rates: -0.10400000000000001
  recession_probability: 0.051572444444444455
  regulation: 0.0164
  tail_risk_event: -0.012900000000000002
  usd_strength: -0.061756799999999994
gold:
  adoption: 0.0
  bond_yields: -0.19499999999999998
  currency_instability: -0.061756799999999994
  energy_prices: -0.003049999999999997
  equity_flows: 0.10844488888888891
  geopolitics: -0.12
  inflation: -0.1166666666666667
  liquidity: -0.041
  real_rates: -0.52
  recession_probability: 0.12893111111111114
  regulation: -0.0
  tail_risk_event: -0.09029999999999999
  usd_strength: -0.1646848
