bitcoin:
  adoption: 0.020000000000000004
  bond_yields: -0.116
  currency_instability: -0.09120350000000002
  energy_prices: 0.007550000000000003
  equity_flows: 0.3798371111111112
  geopolitics: -0.015600000000000001
  inflation: -0.02333333333333334
  liquidity: -0.07680000000000001
  real_rates: -0.10200000000000005
  recession_probability: 0.05161244444444446
  regulation: 0.019200000000000002
  tail_risk_event: -0.013800000000000002
  usd_strength: -0.05472210000000001
gold:
  adoption: 0.0
  bond_yields: -0.19333333333333336
  currency_instability: -0.05472210000000001
  energy_prices: 0.022650000000000007
  equity_flows: 0.10852488888888892
  geopolitics: -0.0936
  inflation: -0.1166666666666667
  liquidity: -0.048
  real_rates: -0.5100000000000002
  recession_probability: 0.12903111111111115
  regulation: -0.0
  tail_risk_event: -0.0966
  usd_strength: -0.14592560000000004
