bitcoin:
  adoption: 0.020000000000000004
  bond_yields: -0.133
  currency_instability: -0.1013785
  energy_prices: 0.048883333333333334
  equity_flows: 0.3254066666666666
  geopolitics: 0.020000000000000004
  inflation: -0.03799999999999999
  liquidity: 0.0032
  real_rates: -0.18
  recession_probability: 0.04405666666666666
  regulation: -0.0008
  tail_risk_event: -0.0077
  usd_strength: -0.060827099999999995
gold:
  adoption: 0.0
  bond_yields: -0.22166666666666668
  currency_instability: -0.060827099999999995
  energy_prices: 0.14664999999999997
  equity_flows: 0.09297333333333332
  geopolitics: 0.12
  inflation: -0.18999999999999995
  liquidity: 0.002
  real_rates: -0.8999999999999999
  recession_probability: 0.11014166666666665
  regulation: 0.0
  tail_risk_event: -0.053899999999999997
  usd_strength: -0.1622056
