bitcoin:
  adoption: 0.020000000000000004
  bond_yields: -0.0
  currency_instability: -0.0
  energy_prices: 0.016666666666666666
  equity_flows: 0.3603646666666667
  geopolitics: 0.0
  inflation: -0.03333333333333333
  liquidity: -0.0152
  real_rates: 0.1
  recession_probability: 0.04898066666666667
  regulation: 0.0038
  tail_risk_event: -0.0091
  usd_strength: -0.0
gold:
  adoption: 0.0
  bond_yields: -0.0
  currency_instability: -0.0
  energy_prices: 0.049999999999999996
  equity_flows: 0.10296133333333335
  geopolitics: 0.0
  inflation: -0.16666666666666666
  liquidity: -0.0095
  real_rates: 0.5
  recession_probability: 0.12245166666666668
  regulation: -0.0
  tail_risk_event: -0.06369999999999999
  usd_strength: -0.0
