bitcoin:
  adoption: 0.020000000000000004
  bond_yields: -0.14800000000000002
  currency_instability: -0.10345100000000002
  energy_prices: 0.019783333333333344
  equity_flows: 0.47248911111111114
  geopolitics: 0.0053
  inflation: 0.078
  liquidity: -0.1008
  real_rates: 0.1379999999999999
  recession_probability: 0.06332844444444445
  regulation: 0.0252
  tail_risk_event: -0.0155
  usd_strength: -0.062070600000000004
gold:
  adoption: 0.0
  bond_yields: -0.24666666666666673
  currency_instability: -0.062070600000000004
  energy_prices: 0.05935000000000002
  equity_flows: 0.13499688888888892
  geopolitics: 0.031799999999999995
  inflation: 0.38999999999999996
  liquidity: -0.063
  real_rates: 0.6899999999999995
  recession_probability: 0.15832111111111113
  regulation: -0.0
  tail_risk_event: -0.1085
  usd_strength: -0.16552160000000005
