bitcoin:
  adoption: 0.020000000000000004
  bond_yields: -0.0
  currency_instability: -0.10442549999999998
  energy_prices: 0.016666666666666666
  equity_flows: 0.3228275555555555
  geopolitics: 0.0
  inflation: -0.03799999999999999
  liquidity: -0.0048000000000000004
  real_rates: 0.08600000000000003
  recession_probability: 0.04368822222222222
  regulation: 0.0012000000000000001
  tail_risk_event: -0.008400000000000001
  usd_strength: -0.06265529999999998
gold:
  adoption: 0.0
  bond_yields: -0.0
  currency_instability: -0.06265529999999998
  energy_prices: 0.049999999999999996
  equity_flows: 0.09223644444444444
  geopolitics: 0.0
  inflation: -0.18999999999999995
  liquidity: -0.003
  real_rates: 0.43000000000000016
  recession_probability: 0.10922055555555554
  regulation: -0.0
  tail_risk_event: -0.0588
  usd_strength: -0.16708079999999997
