bitcoin:
  adoption: 0.020000000000000004
  bond_yields: -0.11299999999999999
  currency_instability: -0.1025815
  energy_prices: 0.00711666666666666
  equity_flows: 0.3446784444444444
  geopolitics: -0.0164
  inflation: -0.0040000000000000036
  liquidity: -0.0888
  real_rates: -0.03799999999999999
  recession_probability: 0.04629977777777778
  regulation: 0.0222
  tail_risk_event: -0.0147
  usd_strength: -0.061548900000000004
gold:
  adoption: 0.0
  bond_yields: -0.18833333333333332
  currency_instability: -0.061548900000000004
  energy_prices: 0.02134999999999998
  equity_flows: 0.09847955555555556
  geopolitics: -0.0984
  inflation: -0.020000000000000018
  liquidity: -0.0555
  real_rates: -0.18999999999999995
  recession_probability: 0.11574944444444445
  regulation: -0.0
  tail_risk_event: -0.10289999999999999
  usd_strength: -0.1641304
